[Settings]

loop_max=2


[psize_psrc]
284=293,294,272
8=293,294,272
11=293,294,272
12=293,294,272
13=293
295=293,294,272
3=293,294,272
305=293,294,272
5=293,294,272
7=293,294,272
6=293,294,272
14=293,294,272
281=293,294,272
93=293,294,272
309=293,294,272
27=257,258,259,260,293,294,272
30=257,258,259,260,293,294,272
28=257,258,259,260,293,294,272
31=257,258,259,260,293,294,272
19=257,258,259,260,293,294,272
20=257,258,259,260,293,294,272
37=257,258,259,260,293,294,272
71=257,258,259,260,293,294,272
72=257,258,259,260,293,294,272
73=257,258,259,260,293,294,272
74=257,258,259,260,293,294,272
285=257,258,259,260,293,294,272
91=257,258,259,260,293,294,272
43=258,259,260,293,294,272
69=258,259,260,293,294,272
256=259,260,293,294,272
401=259,260,293,294,272
402=259,260,293,294,272
403=259,260,293,294,272
404=259,260,293,294,272
405=259,260,293,294,272
406=259,260,293,294,272
407=259,260,293,294,272
400=257,258,259,260,293,294,272
450=259,260,293,294,272
451=259,260,293,294,272
452=259,260,293,294,272
453=259,260,293,294,272


[psize_ptype]
310=275,268,269
311=275,268,269
66=275,268,269
284=275,268,269
8=275,268,269
9=268,269
11=275,268,269
12=275,268,269
13=275,268,269
295=275,268,269
3=275,268,269
1=268,269
305=275,268,269
5=275,268,269
7=275,268,269
6=275,268,269
14=275,268,269
281=275,268,269
93=275,268,269
309=275,268,269
27=275,269
30=275,269
28=275,269
31=275,269
19=275,269
20=275,269
37=275,269
71=275,269
72=275,269
73=275,269
74=275,269
285=275,269
91=275,269
43=275,268
69=275,268
256=275,269
401=275,269
402=275,269
403=275,269
404=275,269
405=275,269
406=275,269
407=275,269
400=275,269
450=275,269
451=275,269
452=275,269
453=275,269

[psize_output]
310=7
311=7
66=7
284=7
8=7
9=7
11=7
12=7
13=7
295=7
305=7
3=7
1=7
5=7
7=7
6=7
14=7
281=7
93=7
309=7
27=7,5
30=7,5
28=7,5
31=7,5
19=7,5
20=7,5
37=7,5
71=7,5
72=7,5
73=7,5
74=7,5
285=7,5
91=7,5
43=7
69=7
256=7
401=7
402=7
403=7
404=7
405=7
406=7
407=7
400=7,5
450=7
451=7
452=7
453=7


[outsize_2sided]
7=2,3
27=2,3
30=2,3
28=2,3
31=2,3
19=2,3
20=2,3
37=2,3
71=2,3
72=2,3
73=2,3
74=2,3
285=2,3
91=2,3
43=2,3
69=2,3
400=2,3


[outsize_booklet]
9=3
11=2,3
13=2,3
1=3
305=3
5=3
7=2,3
6=2,3
14=3
93=2,3
309=3
300=2,3
27=2,3
30=2,3
28=2,3
31=2,3
19=2,3
20=2,3
37=2,3
71=2,3
72=2,3
73=2,3
74=2,3
285=2,3
91=2,3
43=2,3
69=2,3
256=2
401=2,3
402=2,3
403=2,3
404=2,3
405=2,3
406=2,3
407=2,3
400=2,3
450=2
451=2
452=2
453=2


[psize_duplex]
9=20
11=4,5,20
13=4,5,20
1=20
305=20
5=20
7=2,3,4,5,20
6=4,5,20
14=20
93=4,5,20
309=20
27=2,3,4,5,20
30=2,3,4,5,20
28=2,3,4,5,20
31=2,3,4,5,20
19=2,3,4,5,20
20=2,3,4,5,20
37=2,3,4,5,20
71=2,3,4,5,20
72=2,3,4,5,20
73=2,3,4,5,20
74=2,3,4,5,20
285=2,3,4,5,20
91=2,3,4,5,20
43=2,3,4,5,20
69=2,3,4,5,20
256=4,5,20
401=4,5,20
402=4,5,20
403=4,5,20
404=4,5,20
405=4,5,20
406=4,5,20
407=4,5,20
400=2,3,4,5,20
450=4,5,20
451=4,5,20
452=4,5,20
453=4,5,20


[psize_staple_binedge]

310=1,1,0
311=1,1,0
66=1,1,0
284=1,2,7
8=1,2,7
9=1,4,0
260=1,2,7
11=0,0,0
261=0,0,0
12=1,2,7
13=1,4,0
262=1,2,7
295=1,2,7
3=1,2,7
1=1,4,0
263=1,2,7
305=1,2,0
5=1,2,7
7=1,2,0
6=0,0,0
14=1,2,0
281=1,2,7
93=1,4,0
264=1,2,7
309=1,2,0
27=0,0,0
30=0,0,0
28=0,0,0
31=0,0,0
19=0,0,0
20=0,0,0
37=0,0,0
71=0,0,0
72=0,0,0
73=0,0,0
74=0,0,0
285=0,0,0
91=0,0,0
43=0,0,0
69=0,0,0
256=0,0,0
401=0,0,0
402=0,0,0
403=0,0,0
404=0,0,0
405=0,0,0
406=0,0,0
407=0,0,0
400=0,0,0
450=0,0,0
451=0,0,0
452=0,0,0
453=0,0,0


[psize_staple_binedge_2]

310=1,1,7,0
311=1,1,7,0
66=1,1,7,0
284=0,0,7,0
8=1,2,7,8
9=1,4,0,9
260=1,2,7,0
11=0,0,0,0
261=0,0,0,0
12=1,2,7,0
13=1,4,0,0
262=0,0,0,0
295=0,0,7,0
3=1,2,7,8
1=1,4,0,9
263=1,2,7,0
305=1,2,7,0
5=1,2,7,0
7=0,0,0,0
6=0,0,0,0
14=1,2,7,0
281=1,2,7,8
93=1,4,0,9
264=0,0,7,0
309=1,2,7,0
27=0,0,0,0
30=0,0,0,0
28=0,0,0,0
31=0,0,0,0
19=0,0,0,0
20=0,0,0,0
37=0,0,0,0
71=0,0,0,0
72=0,0,0,0
73=0,0,0,0
74=0,0,0,0
285=0,0,0,0
91=0,0,0,0
43=0,0,0,0
69=0,0,0,0
256=0,0,7,0
401=0,0,0,0
402=0,0,0,0
403=0,0,0,0
404=0,0,0,0
405=0,0,0,0
406=0,0,0,0
407=0,0,0,0
400=0,0,0,0
450=0,0,7,0
451=0,0,7,0
452=0,0,7,0
453=0,0,7,0


[psize_staple_binedge_3]

310=1,1,0,0
311=1,1,0,0
66=1,1,0,0
284=0,0,0,0
8=1,2,0,8
9=1,4,0,9
260=1,2,0,0
11=0,0,0,0
261=0,0,0,0
12=1,2,0,8
13=1,4,0,9
262=0,0,0,0
295=0,0,0,0
3=1,2,0,8
1=1,4,0,9
263=1,2,0,0
305=1,2,0,0
5=1,2,0,0
7=0,0,0,0
6=0,0,0,0
14=1,2,0,0
281=1,2,0,8
93=1,4,0,9
264=0,0,0,0
309=1,2,0,0
27=0,0,0,0
30=0,0,0,0
28=0,0,0,0
31=0,0,0,0
19=0,0,0,0
20=0,0,0,0
37=0,0,0,0
71=0,0,0,0
72=0,0,0,0
73=0,0,0,0
74=0,0,0,0
285=0,0,0,0
91=0,0,0,0
43=0,0,0,0
69=0,0,0,0
256=0,0,0,0
401=0,0,0,0
402=0,0,0,0
403=0,0,0,0
404=0,0,0,0
405=0,0,0,0
406=0,0,0,0
407=0,0,0,0
400=0,0,0,0
450=0,0,0,0
451=0,0,0,0
452=0,0,0,0
453=0,0,0,0


[psize_punch_binedge]

310=6,6,4,0,6
311=6,6,4,0,6
66=6,6,4,0,6
284=0,0,0,0,0
8=2,2,2,0,2
9=4,4,4,0,4
260=2,2,0,0,2
11=0,0,0,0,0
261=0,0,0,0,0
12=2,0,0,0,2
13=4,0,0,0,4
262=2,0,0,0,2
295=0,0,0,0,0
3=2,2,2,0,2
1=4,4,4,0,4
263=2,2,0,0,2
305=2,2,0,0,2
5=2,2,0,0,2
7=2,2,0,0,2
6=0,0,0,0,0
14=2,2,0,0,2
281=2,0,0,0,0
93=4,0,0,0,0
264=2,0,0,0,0
309=2,2,0,0,2
27=0,0,0,0,0
30=0,0,0,0,0
28=0,0,0,0,0
31=0,0,0,0,0
19=0,0,0,0,0
20=0,0,0,0,0
37=0,0,0,0,0
71=0,0,0,0,0
72=0,0,0,0,0
73=0,0,0,0,0
74=0,0,0,0,0
285=0,0,0,0,0
91=0,0,0,0,0
43=0,0,0,0,0
69=0,0,0,0,0
256=0,0,0,0,0
401=0,0,0,0,0
402=0,0,0,0,0
403=0,0,0,0,0
404=0,0,0,0,0
405=0,0,0,0,0
406=0,0,0,0,0
407=0,0,0,0,0
400=0,0,0,0,0
450=0,0,0,0,0
451=0,0,0,0,0
452=0,0,0,0,0
453=0,0,0,0,0


[psize_punch_binedge_2]

310=6,6,4,0,6
311=6,6,4,0,6
66=6,6,4,0,6
284=0,0,0,0,0
8=2,2,2,0,2
9=4,4,4,0,4
260=2,2,0,0,2
11=0,0,0,0,0
261=0,0,0,0,0
12=2,0,0,0,2
13=4,0,0,0,4
262=2,0,0,0,2
295=0,0,0,0,0
3=2,2,2,0,2
1=4,4,4,0,4
263=2,2,0,0,2
305=2,2,0,0,2
5=2,2,0,0,2
7=2,2,0,0,2
6=0,0,0,0,0
14=2,2,0,0,2
281=2,0,0,0,2
93=4,0,0,0,4
264=2,0,0,0,2
309=2,2,0,0,2
27=0,0,0,0,0
30=0,0,0,0,0
28=0,0,0,0,0
31=0,0,0,0,0
19=0,0,0,0,0
20=0,0,0,0,0
37=0,0,0,0,0
71=0,0,0,0,0
72=0,0,0,0,0
73=0,0,0,0,0
74=0,0,0,0,0
285=0,0,0,0,0
91=0,0,0,0,0
43=0,0,0,0,0
69=0,0,0,0,0
256=0,0,0,0,0
401=0,0,0,0,0
402=0,0,0,0,0
403=0,0,0,0,0
404=0,0,0,0,0
405=0,0,0,0,0
406=0,0,0,0,0
407=0,0,0,0,0
400=0,0,0,0,0
450=0,0,0,0,0
451=0,0,0,0,0
452=0,0,0,0,0
453=0,0,0,0,0


[psize_punch_binedge_3]

310=6,6,4,0,6
311=6,6,4,0,6
66=6,6,4,0,6
284=0,0,0,0,0
8=2,2,2,0,2
9=4,4,4,0,4
260=2,2,0,0,2
11=0,0,0,0,0
261=0,0,0,0,0
12=2,0,0,0,2
13=4,0,0,0,4
262=2,0,0,0,2
295=0,0,0,0,0
3=2,2,2,0,2
1=4,4,4,0,4
263=2,2,0,0,2
305=2,2,0,0,2
5=2,2,0,0,2
7=2,2,0,0,2
6=0,0,0,0,0
14=2,2,0,0,2
281=2,0,0,0,2
93=4,0,0,0,4
264=2,0,0,0,2
309=2,2,0,0,2
27=0,0,0,0,0
30=0,0,0,0,0
28=0,0,0,0,0
31=0,0,0,0,0
19=0,0,0,0,0
20=0,0,0,0,0
37=0,0,0,0,0
71=0,0,0,0,0
72=0,0,0,0,0
73=0,0,0,0,0
74=0,0,0,0,0
285=0,0,0,0,0
91=0,0,0,0,0
43=0,0,0,0,0
69=0,0,0,0,0
256=0,0,0,0,0
401=0,0,0,0,0
402=0,0,0,0,0
403=0,0,0,0,0
404=0,0,0,0,0
405=0,0,0,0,0
406=0,0,0,0,0
407=0,0,0,0,0
400=0,0,0,0,0
450=0,0,0,0,0
451=0,0,0,0,0
452=0,0,0,0,0
453=0,0,0,0,0


[psize_punch_binedge_3holes]

9=2
260=2
1=2
263=2
305=2
5=2
7=2
14=2
309=2


[ptype_duplex]

264=2,3,4,5,20
275=2,3,4,5,20
279=2,3,4,5,20
276=2,3,4,5,20
267=2,3,4,5,20
268=2,3,4,5,20
269=2,3,4,5,20
280=2,3,4,5,20


[ptype_output]
275=5
278=37,40
279=37,40,38,41,5
268=5
280=5


[ptype_fold]
259=3,4,10,11,53,60,61
260=3,4,10,11,53,60,61
261=3,4,10,11,53,60,61
264=3,4,10,11,53,54,60,61
275=3,4,10,11,53,54,60,61
265=3,10,11,53,60,61
266=3,10,11,53,60,61
278=3,4,10,11,53,54,60,61
279=3,4,10,11,53,54,60,61
276=3,4,10,11,53,60,61
267=3,4,10,11,53,54,60,61
268=3,4,10,11,53,54,60,61
269=3,4,10,11,53,54,60,61
280=3,4,10,11,53,60,61


[ptype_fold_2]
259=3,4,10,11,53,60,61
260=3,4,10,11,53,60,61
261=3,4,10,11,53,60,61
264=3,4,10,11,53,54,60,61
275=3,4,10,11,53,54,60,61
265=3,10,11,53,60,61
266=3,10,11,53,60,61
278=3,10,11,53,60,61
279=3,4,10,11,53,54,60,61
276=3,4,10,11,53,60,61
267=3,4,10,11,53,54,60,61
268=3,4,10,11,53,54,60,61
269=3,4,10,11,53,54,60,61
280=3,4,10,11,53,60,61


[ptype_staple_outoption]
1=-1
2=0
4=0
8=-1
16=-1
32=-1
64=-1
128=1
256=-1
512=1
1024=2
2048=-1

[ptype_staple_staple]
count=3
0=-1
1=0
2=0
5=0
6=0
7=0
8=1
9=2
10=2

[ptype_staple]
258=1,0,1,1,1,1,1,1,0
259=1,0,0,1,1,0,1,1,0
260=1,0,0,1,1,0,1,1,0
261=1,0,0,1,1,0,1,1,0
262=1,0,1,1,1,1,1,1,0
263=1,0,1,1,1,1,1,1,0
264=0,0,0,0,0,0,0,0,0
275=0,0,0,0,0,0,0,0,0
265=2,0,2,2,0,2,2,0,0
266=2,0,2,2,0,2,2,0,0
278=2,0,0,2,0,2,2,0,0
279=2,0,0,2,0,0,2,0,0
276=1,0,0,1,1,0,1,1,0
267=0,0,0,0,0,0,0,0,0
268=0,0,0,0,0,0,0,0,0
269=0,0,0,0,0,0,0,0,0
280=2,0,2,2,0,2,2,0,0
306=1,0,1,1,1,1,1,1,0
307=1,0,1,1,1,1,1,1,0
308=1,0,1,1,1,1,1,1,0
309=1,0,1,1,1,1,1,1,0
310=1,0,1,1,1,1,1,1,0
311=1,0,1,1,1,1,1,1,0
312=1,0,1,1,1,1,1,1,0
313=1,0,1,1,1,1,1,1,0
314=1,0,1,1,1,1,1,1,0


[psrc_ptype]
257=264,275,276,267,280
258=264,275,276,267,268,269,280
259=264,275,276,267,268,269,280
260=264,275,276,267,268,269,280
293=264,275,265,266,278,279,276,267,268,269,280
294=264,275,265,266,278,279,276,267,268,269,280
272=264,275,278,279,276,267,268,269,280


[psrc_insertsoption]
257=2
258=2
259=2
260=2
293=2
294=2
272=2


[duplex_binedge]

2=2
3=0,1
6=0,1
7=2


[staple_punch_output]

staple_1=1,36,37,40,7,38,41,5
staple_2=1,36,37,40,7,38,41,5
staple_2_pamph=1,36,4,6,37,40,19,38,27,41,5
staple_2_fold=0,1,36,4,6,37,40,19,38,27,41,5
staple_less=1,36,6,37,40,7,38,41,5
punch=1,36,7,5
fld=0,1,36,4,6,37,40,19,38,27,41,5
offset=36,37,40,38,41,7,5

[offset_output]
2=36,37,40,38,41,7,5

[stpsrc_psize]
257=310,311,66,27,30,28,31,19,20,37,71,72,73,74,285,91,401,402,403,404,405,406,407,400
258=310,311,66,11,27,30,28,31,19,20,37,71,72,73,74,285,91,43,69,401,402,403,404,405,406,407,400
259=310,311,66,11,27,30,28,31,19,20,37,71,72,73,74,285,91,43,69,256,401,402,403,404,405,406,407,400
260=310,311,66,11,27,30,28,31,19,20,37,71,72,73,74,285,91,43,69,256,401,402,403,404,405,406,407,400
293=310,311,66,284,8,307,260,11,261,12,13,262,295,3,263,305,5,7,6,14,281,93,264,309,27,30,28,31,19,20,37,71,72,73,74,285,91,43,69,256,401,402,403,404,405,406,407,400
294=310,311,66,284,8,307,260,11,261,12,262,295,3,263,305,5,7,6,14,281,93,264,309,27,30,28,31,19,20,37,71,72,73,74,285,91,43,69,256,401,402,403,404,405,406,407,400
272=310,311,66,284,8,307,260,11,261,12,262,295,3,263,305,5,7,6,14,281,93,264,309,27,30,28,31,19,20,37,71,72,73,74,285,91,43,69,256,401,402,403,404,405,406,407,400
261=310,311,66,401,402,403,404,405,406,407,400

[ptype_offset]
264=1,4,6,19,27
275=1,4,6,19,27
267=1,4,6,19,27
268=1,4,6,19,27
269=4,6,19,27

[staple_booklet]
1=1,2,5,6,7,8,10
2=1,2,5,6,7,8,10
3=1,2,5,6,7,8,10
4=1,2,5,6,7,8,10
5=1,2,5,6,7,8,10

[staple_psrc]
9=293,294,272
10=293,294,272

[shortedge_settings]

;[num]=[orientation],[nup],[bindinge edge],[staple],[punch]
;
;orientation
;   portrait  : 1
;   landscape : 2
;
;binding edge
;   left  : 0
;   right : 1
;   top   : 2

count=84

0=1,1,2,2,0
1=1,1,2,0,1
2=1,1,2,1,1
3=1,1,2,2,1

4=1,2,0,2,0
5=1,2,0,0,1
6=1,2,0,1,1
7=1,2,0,2,1
8=1,2,1,2,0
9=1,2,1,0,1
10=1,2,1,1,1
11=1,2,1,2,1

12=1,4,2,2,0
13=1,4,2,0,1
14=1,4,2,1,1
15=1,4,2,2,1

16=1,6,0,2,0
17=1,6,0,0,1
18=1,6,0,1,1
19=1,6,0,2,1
20=1,6,1,2,0
21=1,6,1,0,1
22=1,6,1,1,1
23=1,6,1,2,1

24=1,8,0,2,0
25=1,8,0,0,1
26=1,8,0,1,1
27=1,8,0,2,1
28=1,8,1,2,0
29=1,8,1,0,1
30=1,8,1,1,1
31=1,8,1,2,1

32=1,9,2,2,0
33=1,9,2,0,1
34=1,9,2,1,1
35=1,9,2,2,1

36=1,16,2,2,0
37=1,16,2,0,1
38=1,16,2,1,1
39=1,16,2,2,1

40=2,1,0,2,0
41=2,1,0,0,1
42=2,1,0,1,1
43=2,1,0,2,1
44=2,1,1,2,0
45=2,1,1,0,1
46=2,1,1,1,1
47=2,1,1,2,1

48=2,2,2,2,0
49=2,2,2,0,1
50=2,2,2,1,1
51=2,2,2,2,1

52=2,4,0,2,0
53=2,4,0,0,1
54=2,4,0,1,1
55=2,4,0,2,1
56=2,4,1,2,0
57=2,4,1,0,1
58=2,4,1,1,1
59=2,4,1,2,1

60=2,6,2,2,0
61=2,6,2,0,1
62=2,6,2,1,1
63=2,6,2,2,1

64=2,8,2,2,0
65=2,8,2,0,1
66=2,8,2,1,1
67=2,8,2,2,1

68=2,9,0,2,0
69=2,9,0,0,1
70=2,9,0,1,1
71=2,9,0,2,1
72=2,9,1,2,0
73=2,9,1,0,1
74=2,9,1,1,1
75=2,9,1,2,1

76=2,16,0,2,0
77=2,16,0,0,1
78=2,16,0,1,1
79=2,16,0,2,1
80=2,16,1,2,0
81=2,16,1,0,1
82=2,16,1,1,1
83=2,16,1,2,1


[longedge_settings]

;[num]=[orientation],[nup],[bindinge edge],[staple],[punch]
;
;orientation
;   portrait  : 1
;   landscape : 2
;
;binding edge
;   left  : 0
;   right : 1
;   top   : 2

count=84

0=1,1,0,2,0
1=1,1,0,0,1
2=1,1,0,1,1
3=1,1,0,2,1
4=1,1,1,2,0
5=1,1,1,0,1
6=1,1,1,1,1
7=1,1,1,2,1

8=1,2,2,2,0
9=1,2,2,0,1
10=1,2,2,1,1
11=1,2,2,2,1

12=1,4,0,2,0
13=1,4,0,0,1
14=1,4,0,1,1
15=1,4,0,2,1
16=1,4,1,2,0
17=1,4,1,0,1
18=1,4,1,1,1
19=1,4,1,2,1

20=1,6,2,2,0
21=1,6,2,0,1
22=1,6,2,1,1
23=1,6,2,2,1

24=1,8,2,2,0
25=1,8,2,0,1
26=1,8,2,1,1
27=1,8,2,2,1

28=1,9,0,2,0
29=1,9,0,0,1
30=1,9,0,1,1
31=1,9,0,2,1
32=1,9,1,2,0
33=1,9,1,0,1
34=1,9,1,1,1
35=1,9,1,2,1

36=1,16,0,2,0
37=1,16,0,0,1
38=1,16,0,1,1
39=1,16,0,2,1
40=1,16,1,2,0
41=1,16,1,0,1
42=1,16,1,1,1
43=1,16,1,2,1

44=2,1,2,2,0
45=2,1,2,0,1
46=2,1,2,1,1
47=2,1,2,2,1

48=2,2,0,2,0
49=2,2,0,0,1
50=2,2,0,1,1
51=2,2,0,2,1
52=2,2,1,2,0
53=2,2,1,0,1
54=2,2,1,1,1
55=2,2,1,2,1

56=2,4,2,2,0
57=2,4,2,0,1
58=2,4,2,1,1
59=2,4,2,2,1

60=2,6,0,2,0
61=2,6,0,0,1
62=2,6,0,1,1
63=2,6,0,2,1
64=2,6,1,2,0
65=2,6,1,0,1
66=2,6,1,1,1
67=2,6,1,2,1

68=2,8,0,2,0
69=2,8,0,0,1
70=2,8,0,1,1
71=2,8,0,2,1
72=2,8,1,2,0
73=2,8,1,0,1
74=2,8,1,1,1
75=2,8,1,2,1

76=2,9,2,2,0
77=2,9,2,0,1
78=2,9,2,1,1
79=2,9,2,2,1

80=2,16,2,2,0
81=2,16,2,0,1
82=2,16,2,1,1
83=2,16,2,2,1


[restrictions]

staple_ptype=264,275,265,266,278,279,267,268,269,280,281
staple_pamph_ptype=261,264,275,265,266,278,279,267,268,269,280,281
staple_less_ptype=
staple_ptype_2=264,275,265,266,278,279,267,268,269,280,281
staple_pamph_ptype_2=261,264,275,265,266,278,279,267,268,269,280,281
staple_less_ptype_2=264,275,265,266,278,279,267,268,269,280,281
staple_ptype_3=264,275,265,266,278,279,267,268,269,280,281
staple_pamph_ptype_3=
staple_less_ptype_3=264,275,265,266,278,279,267,268,269,280,281
punch_ptype=261,264,275,279,267,268,269
punch_ptype_2=261,264,275,267,268,269
fld_ptype=259,260,261,264,275,266,278,276,267,268,269,280

poster_psize=310,311,66,284,295,305,7,6,14,281,93,309,27,30,28,31,19,20,37,71,72,73,74,285,91,43,69,256,401,402,403,404,405,406,407,400,450,451,452,453
poster_ptype=275,269,268

tpins_psize=27,30,28,31,19,20,37,71,72,73,74,285,91,400
tpins_ptype=

ccopy_psize=27,30,28,31,19,20,37,71,72,73,74,285,91,400

psrc_enable_to_set_with_ptype=7,261

[imgtype_spcopt]
7=1,2,3,4,5,6,7,8

[staple_fld]
0=3,10,11
1=4,3,10,11
2=4,3,10,11
8=4,3,10,11
9=0,4
10=0,4

[staple_punch]
9=1
10=1

[punch_fld]
1=4

[spcopt_fld]
0=
1=
2=1,2,3
3=3
4=1,2,3
5=3
6=
7=3
8=

[insertsoption_output]
1=5
2=7,5
3=5
4=7,5

[custompamphlet]
9=8,9,12,3,1,281,450
11=9,1
13=9,12,1
1=8,9,12,3,1,281
6=9,1
93=9,12,1,281

[custompamphlet2]
8=9,1
12=9,13,1,93
3=9,1
281=9,1,93
450=9

[fold_output]
0=7
3=1,36,4,6,37,6,40,19,38,27,41,5
4=1,36,4,6,37,6,40,19,38,27,41,5
10=1,36,4,6,37,6,40,19,38,27,41,5
11=1,36,4,6,37,6,40,19,38,27,41,5

[outopt_staple]
0=1,2,8,9,10
1024=9,10
2=8,9,10
128=9,10
4=8,10

[limit_msg_control_tbl]
13654=108,-1
13677=129,130,131,132,133,134,135,136,137,-1
13886=111,112,156,-1
14070=157,-1
14086=46,-1
14098=149,321,-1
14099=123,-1
14104=20,-1
14106=19,323,325,-1
14123=127,290,-1
14130=145,293,-1
14131=7,-1
14167=147,-1
14229=230,-1
14272=146,-1
14304=208,169,-1
14356=0,1,2,3,266,267,-1
14358=21,165,-1
14363=69,70,269,71,72,73,74,273,-1
14373=142,139,240,241,190,248,140,263,260,141,-1
14374=122,119,249,120,121,261,-1
14420=80,81,82,265,83,84,85,-1
14421=173,-1
14422=150,151,152,153,245,-1
14423=94,170,95,96,97,98,99,154,100,228,101,102,275,274,-1
14449=90,91,281,282,246,92,283,300,93,286,287,284,285,288,289,330,331,-1
14454=186,48,49,50,291,-1
14455=143,-1
14456=67,-1
14469=113,114,115,116,117,-1
14475=51,278,172,-1
14543=206,39,40,167,-1
14544=158,4,5,276,-1
14547=148,-1
14560=25,26,27,28,29,-1
14562=204,103,104,105,106,107,277,-1
14565=68,-1
14575=148,-1
14579=231,-1
14627=86,229,234,177,233,-1
14630=160,171,-1
14632=279,-1
14641=124,125,126,-1
14653=235,176,302,303,-1
14694=6,-1
14700=159,44,250,161,162,45,264,262,187,-1
14791=205,110,166,-1
14798=128,-1
14799=224,363,223,226,222,9,183,10,11,193,194,12,227,13,272,268,361,-1
14800=47,-1
14801=225,57,244,58,59,242,60,155,292,196,243,270,61,62,63,-1
14802=14,15,16,17,18,-1
14804=22,23,297,298,299,294,301,304,305,306,307,308,309,310,311,312,24,313,-1
14805=52,53,54,55,317,314,319,315,318,56,-1
14806=76,77,78,-1
14807=209,174,175,30,184,31,32,33,34,35,36,37,38,280,-1
14808=87,271,88,89,-1
14809=41,-1
14810=144,-1
14811=43,-1
14812=42,-1
14813=64,-1
14814=65,66,-1
14815=109,-1
14816=138,179,-1
14817=79,-1
14818=75,164,-1
14819=118,-1
14820=79,-1
14821=207,168,-1
14837=237,180,-1
14838=236,181,-1
14839=178,-1
14840=182,-1
14847=185,362,-1
14857=188,192,-1
14876=191,195,197,-1
14877=198,-1
14882=199,-1
14885=200,-1
14886=201,-1
14887=202,-1
14888=203,-1
14898=322,-1
14900=329,-1


[PTPC_Staple]
count=21
0=-1,-1
1=0,-1
2=1,0
3=1,1
4=-1,-1
5=-1,-1
6=2,0
7=2,1
8=2,2
9=-1,-1
10=2,-1
11=8,0
12=8,1
13=-1,-1
14=-1,-1
15=-1,-1
16=-1,-1
17=2,-1
18=8,2
19=-1,-1
20=-2,-2

opt_staple_custom=20,11,12,17,18


[PTPC_Orientation]
count=5
0=-1,-1
1=1,0
2=2,0
3=1,1
4=2,1


[PTPC_Duplex]
count=4
0=-1
1=1
2=3
3=2


[PTPC_Collate]
count=4
0=-1
1=1
2=0


[PTPC_PrintMode]
count=3
11=300,300
12=600,600
13=1200,1200


[PTPC_OutputColor]
count=11
0=-1,-1
1=2,-1
2=1,-1
3=-1,-1
4=3,-1
5=4,0
6=4,1
7=4,2
8=4,3
9=4,4
10=4,5
