[Settings]

loop_max=2


[psize_psrc]
284=257,258,259,260,274
8=257,258,274
11=257,258,259,273,274
12=257,258,274
13=258
295=257,258,259,260,274
3=257,258,274
305=257,258,273,274
5=257,258,274
7=257,258,273,274
6=257,258,259,273,274
14=257,258,274
281=257,258,274
93=257,258,274
309=257,258,273,274
43=257,258,259,260,273,274,271,283
256=257,258,259,273,274
401=257,258,259,273,274
402=257,258,259,273,274
403=257,258,259,273,274
404=257,258,259,273,274
405=257,258,259,273,274
406=257,258,259,273,274
407=257,258,259,273,274
400=257,258,259,260,273,274,271,283
450=257,258,259,273,274
451=257,258,259,273,274
452=257,258,259,273,274
453=257,258,259,273,274
453=257,258,259,273,274


[psize_ptype]
310=275,269
311=275,269
66=275,269
284=275,269
8=275,269
9=269
11=275,269
12=275,269
13=275,269
295=275,269
3=275,269
1=269
305=275,269
5=275,269
7=275,269
6=275,269
14=275,269
281=275,269
93=275,269
309=275,269
43=275
256=275,269
401=275,269
402=275,269
403=275,269
404=275,269
405=275,269
406=275,269
407=275,269
400=275,269
450=275,269
451=275,269
452=275,269
453=275,269
453=275,269


[psize_output]
310=7,35
311=7,35
66=7,35
284=7,35
8=7,35
9=7,35
11=7,35
12=7,35
13=7,35
295=7,35
3=7,35
1=7,35
305=7,35
5=7,35
7=7,35
6=7,35
14=7,35
281=7,35
93=7,35
309=7,35
43=7,35
256=7,35
401=7,35
402=7,35
403=7,35
404=7,35
405=7,35
406=7,35
407=7,35
400=5,7,35
450=7,35
451=7,35
452=7,35
453=7,35
453=7,35


[outsize_2sided]
43=2,3
400=2,3


[outsize_booklet]
9=3
11=2,3
13=2,3
1=3
305=3
5=3
7=2,3
6=2,3
14=3
93=2,3
309=3
43=2,3
256=2
401=2,3
402=2,3
403=2,3
404=2,3
405=2,3
406=2,3
407=2,3
400=2,3
450=2
451=2
452=2
453=2
453=2


[psize_duplex]
9=20
11=4,5,20
13=4,5,20
1=20
305=20
5=20
7=4,5,20
6=4,5,20
14=20
93=4,5,20
309=20
43=2,3,4,5,20
256=4,5
401=4,5,20
402=4,5,20
403=4,5,20
404=4,5,20
405=4,5,20
406=4,5,20
407=4,5,20
400=2,3,4,5,20
450=4,5
451=4,5
452=4,5
453=4,5
453=4,5


[psize_staple_binedge]

310=1,1,0,0
311=1,1,0,0
66=1,1,0,0
284=0,0,7,0
8=1,2,7,8
9=1,4,0,9
260=1,2,7,0
11=0,0,0,0
261=0,0,0,0
12=1,2,7,0
13=1,4,0,0
262=0,0,0,0
295=0,0,7,0
3=1,2,7,8
1=1,4,0,9
263=1,2,7,0
305=1,2,7,0
5=1,2,7,0
7=0,0,0,0
283=0,0,0,0
6=0,0,0,0
282=0,0,0,0
14=1,2,7,0
281=1,2,7,8
93=1,4,0,9
264=0,0,7,0
309=1,2,7,0
43=0,0,0,0
256=0,0,7,0
401=0,0,0,0
402=0,0,0,0
403=0,0,0,0
404=0,0,0,0
405=0,0,0,0
406=0,0,0,0
407=0,0,0,0
400=0,0,0,0
450=0,0,7,0
451=0,0,7,0
452=0,0,7,0
453=0,0,7,0


[psize_staple_binedge_2]

310=1,1,0,0
311=1,1,0,0
66=1,1,0,0
284=0,0,7,0
8=1,2,7,0
9=1,4,0,0
260=1,2,7,0
11=0,0,0,0
261=0,0,0,0
12=1,2,7,0
13=1,4,0,0
262=0,0,0,0
295=0,0,7,0
3=1,2,7,0
1=1,4,0,0
263=1,2,7,0
305=1,2,7,0
5=1,2,7,0
7=0,0,0,0
283=0,0,0,0
6=0,0,0,0
282=0,0,0,0
14=1,2,7,0
281=1,2,7,0
93=1,4,0,0
264=0,0,0,0
309=1,2,7,0
43=0,0,0,0
256=0,0,7,0
401=0,0,0,0
402=0,0,0,0
403=0,0,0,0
404=0,0,0,0
405=0,0,0,0
406=0,0,0,0
407=0,0,0,0
400=0,0,0,0
450=0,0,7,0
451=0,0,7,0
452=0,0,7,0
453=0,0,7,0


[psize_staple_binedge_3]

310=1,1,0,0
311=1,1,0,0
66=1,1,0,0
284=0,0,0,0
8=1,2,0,0
9=1,4,0,0
260=1,2,0,0
11=0,0,0,0
261=0,0,0,0
12=1,2,0,0
13=1,4,0,0
262=0,0,0,0
295=0,0,0,0
3=1,2,0,0
1=1,4,0,0
263=1,2,0,0
305=1,2,0,0
5=1,2,0,0
7=0,0,0,0
283=0,0,0,0
6=0,0,0,0
282=0,0,0,0
14=1,2,0,0
281=1,2,0,0
93=1,4,0,0
264=0,0,0,0
309=1,2,0,0
43=0,0,0,0
256=0,0,0,0
401=0,0,0,0
402=0,0,0,0
403=0,0,0,0
404=0,0,0,0
405=0,0,0,0
406=0,0,0,0
407=0,0,0,0
400=0,0,0,0
450=0,0,0,0
451=0,0,0,0
452=0,0,0,0
453=0,0,0,0


[psize_punch_binedge]

310=6,6,4,0,6
311=6,6,4,0,6
66=6,6,4,0,6
284=0,0,0,0,0
8=2,2,2,0,2
9=4,4,4,0,4
260=2,2,0,0,2
11=0,0,0,0,0
261=0,0,0,0,0
12=2,0,0,0,2
13=4,0,0,0,4
262=2,0,0,0,2
295=0,0,0,0,0
3=2,2,2,0,2
1=4,4,4,0,4
263=2,2,0,0,2
305=2,2,0,0,2
5=2,2,0,0,2
7=2,2,0,0,2
6=0,0,0,0,0
14=2,2,0,0,2
281=2,0,0,0,2
93=4,0,0,0,4
264=2,0,0,0,2
309=2,2,0,0,2
43=0,0,0,0,0
256=0,0,0,0,0
401=0,0,0,0,0
402=0,0,0,0,0
403=0,0,0,0,0
404=0,0,0,0,0
405=0,0,0,0,0
406=0,0,0,0,0
407=0,0,0,0,0
400=0,0,0,0,0
450=0,0,0,0,0
451=0,0,0,0,0
452=0,0,0,0,0
453=0,0,0,0,0


[psize_punch_binedge_2]

310=6,6,4,0,6
311=6,6,4,0,6
66=6,6,4,0,6
284=0,0,0,0,0
8=2,2,2,0,2
9=4,4,4,0,4
260=2,2,0,0,2
11=0,0,0,0,0
261=0,0,0,0,0
12=2,0,0,0,2
13=4,0,0,0,4
262=2,0,0,0,2
295=0,0,0,0,0
3=2,2,2,0,2
1=4,4,4,0,4
263=2,2,0,0,2
305=2,2,0,0,2
5=2,2,0,0,2
7=2,2,0,0,2
6=0,0,0,0,0
14=2,2,0,0,2
281=2,0,0,0,2
93=4,0,0,0,4
264=2,0,0,0,2
309=2,2,0,0,2
43=0,0,0,0,0
256=0,0,0,0,0
401=0,0,0,0,0
402=0,0,0,0,0
403=0,0,0,0,0
404=0,0,0,0,0
405=0,0,0,0,0
406=0,0,0,0,0
407=0,0,0,0,0
400=0,0,0,0,0
450=0,0,0,0,0
451=0,0,0,0,0
452=0,0,0,0,0
453=0,0,0,0,0


[psize_punch_binedge_3]

310=6,6,4,0,6
311=6,6,4,0,6
66=6,6,4,0,6
284=0,0,0,0,0
8=2,2,2,0,2
9=4,4,4,0,4
260=2,2,0,0,2
11=0,0,0,0,0
261=0,0,0,0,0
12=2,0,0,0,2
13=4,0,0,0,4
262=2,0,0,0,2
295=0,0,0,0,0
3=2,2,2,0,2
1=4,4,4,0,4
263=2,2,0,0,2
305=2,2,0,0,2
5=2,2,0,0,2
7=2,0,0,0,2
6=0,0,0,0,0
14=2,2,0,0,2
281=2,0,0,0,0
93=4,0,0,0,0
264=2,0,0,0,0
309=2,2,0,0,2
43=0,0,0,0,0
256=0,0,0,0,0
401=0,0,0,0,0
402=0,0,0,0,0
403=0,0,0,0,0
404=0,0,0,0,0
405=0,0,0,0,0
406=0,0,0,0,0
407=0,0,0,0,0
400=0,0,0,0,0
450=0,0,0,0,0
451=0,0,0,0,0
452=0,0,0,0,0
453=0,0,0,0,0


[psize_punch_binedge_3holes]

9=2
260=2
1=2
263=2
305=2
5=2
7=2
14=2
309=2


[ptype_duplex]

264=2,3,4,5,20
275=2,3,4,5,20
278=2,3,4,5,20
279=2,3,4,5,20
276=2,3,4,5,20
267=2,3,4,5,20
269=2,3,4,5,20
280=2,3,4,5,20


[ptype_output]
275=5,6
279=5,37,40


[ptype_fold]
259=9,3,4,10,11,5,7,53,60,61
260=9,3,4,10,11,5,7,53,60,61
261=9,3,4,10,11,5,7,53,60,61
264=9,3,4,10,11,5,6,7,8,59,53,54,60,61,55,56,57,58
275=9,3,4,10,11,5,6,7,8,59,53,54,60,61,55,56,57,58
265=3,4,10,11,5,6,7,8,53,54,60,61,55,56,57,58
266=3,4,10,11,5,6,7,8,53,54,60,61,55,56,57,58
278=3,4,10,11,5,6,7,8,53,54,60,61,55,56,57,58
279=9,3,4,10,11,5,6,7,8,59,53,54,60,61,55,56,57,58
276=9,3,4,10,11,5,7,53,60,61
267=9,3,4,10,11,5,6,7,8,59,53,54,60,61,55,56,57,58
269=9,3,4,10,11,5,6,7,8,59,53,54,60,61,55,56,57,58
280=9,3,4,10,11,5,6,7,8,53,54,60,61,55,56,57,58
306=9
307=9
308=9
309=9
310=9
311=9
312=9
313=9


[ptype_fold_2]
259=3,4,10,11,5,7,59,53,60,61
260=3,4,10,11,5,7,59,53,60,61
261=3,4,10,11,5,7,59,53,60,61
264=9,3,4,10,11,5,6,7,8,59,53,54,60,61,55,56,57,58
275=9,3,4,10,11,5,6,7,8,59,53,54,60,61,55,56,57,58
265=3,4,10,11,5,6,7,8,53,54,60,61,55,56,57,58
266=3,4,10,11,5,6,7,8,53,54,60,61,55,56,57,58
278=3,4,10,11,5,6,7,8,53,54,60,61,55,56,57,58
279=3,4,10,11,5,6,7,8,53,54,60,61,55,56,57,58
276=9,3,4,10,11,5,7,59,53,60,61
267=9,3,4,10,11,5,6,7,8,59,53,54,60,61,55,56,57,58
269=9,3,4,10,11,5,6,7,8,59,53,54,60,61,55,56,57,58
280=3,4,10,11,5,6,7,8,53,54,60,61,55,56,57,58


[ptype_staple_outoption]
1=-1
2=0
4=0
8=-1
16=-1
32=-1
64=-1
128=1
256=-1
512=1
1024=2
2048=-1

[ptype_staple_staple]
count=3
0=-1
1=0
2=0
5=0
6=0
7=0
8=1
9=2
10=2

[ptype_staple]
282=1,1,1,1,0,1,1,0,0
283=1,1,1,1,0,1,1,0,0
259=1,1,0,1,0,0,1,0,0
260=1,1,0,1,0,0,1,0,0
261=1,1,0,1,0,0,1,0,0
262=1,1,1,1,0,1,1,0,0
263=1,1,1,1,0,1,1,0,0
264=0,0,0,0,0,0,0,0,0
275=0,0,0,0,0,0,0,0,0
265=1,0,2,2,0,2,2,0,0
266=1,0,2,2,0,2,2,0,0
278=1,0,2,2,0,2,2,0,0
279=1,0,0,2,0,2,2,0,0
276=1,1,0,0,0,0,1,0,0
267=0,0,0,0,0,0,0,0,0
269=0,0,0,0,0,0,0,0,0
280=1,0,2,2,0,2,0,0,0
306=1,1,1,1,0,1,1,0,0
307=1,1,1,1,0,1,1,0,0
308=1,1,1,1,0,1,1,0,0
309=1,1,1,1,0,1,1,0,0
310=1,1,1,1,0,1,1,0,0
311=1,1,1,1,0,1,1,0,0
312=1,1,1,1,0,1,1,0,0
313=1,1,1,1,0,1,1,0,0


[psrc_ptype]
257=264,275,265,266,278,279,276,267,269,280
258=264,275,265,266,278,279,276,267,269,280
259=264,275,278,279,276,267,269,280
260=278,279,276,269,280
273=264,275,278,279,276,267,269,280
274=264,275,278,279,276,267,269,280
271=264,275,278,279,276,267,269,280
283=264,275,278,279,276,267,269,280


[psrc_insertsoption]
257=2
258=2
259=2
273=2
274=2
271=0,1,2,3,4
283=0,1,2,3,4


[duplex_binedge]

2=2
3=0,1
6=0,1
7=2


[staple_punch_output]

staple_1=1,5,37,40,26,29,7,35
staple_2=1,5,37,40,26,29,7,35
staple_2_pamph=1,5,4,37,40,6,24,26,25,27,29,28,35
staple_less=1,5,4,37,40,24,26,25,27,29,28,7,35
punch=1,5,4,7,35
fold=0,5,4
fld=0,1,5,4,37,40,6,24,26,25,27,29,28,7,35
offset=1,5,26,29,7,35

[offset_output]
2=1,5,37,40,26,29,7,35

[stpsrc_psize]
257=310,311,66,284,8,260,11,12,262,295,3,263,305,5,7,6,14,281,93,264,309,43,256,401,402,403,404,405,406,407,400
258=310,311,66,284,8,260,11,12,13,262,295,3,263,305,5,7,6,14,281,93,264,309,43,256,401,402,403,404,405,406,407,400
259=310,311,66,284,11,295,6,43,256,401,402,403,404,405,406,407,400
260=310,311,66,284,295,43,401,402,403,404,405,406,407,400
291=310,311,66,401,402,403,404,405,406,407,400
273=310,311,66,11,262,305,7,6,264,309,43,256,401,402,403,404,405,406,407,400
274=310,311,66,284,8,260,11,12,262,295,3,263,305,5,7,6,14,281,93,264,309,43,256,401,402,403,404,405,406,407,400
271=310,311,66,43,401,402,403,404,405,406,407,400
283=310,311,66,43,401,402,403,404,405,406,407,400

[ptype_offset]
282=1,5,7,35
283=1,5,7,35
259=1,5,7,35
260=1,5,7,35
261=1,5,7,35
262=1,5,7,35
263=1,5,7,35
264=1,5,4,37,40,6,7,35
275=1,5,4,37,40,6,24,26,25,27,29,28,7,35
265=1,5,7,35
266=1,5,7,35
278=1,5,7,35
279=1,5,7,35
276=1,5,7,35
267=1,5,4,37,40,6,24,26,25,27,29,28,7,35
268=
269=1,5,4,37,40,6,24,26,25,27,29,28,7,35
280=1,5,7,35
281=
306=1,5,7,35
307=1,5,7,35
308=1,5,7,35
309=1,5,7,35
310=1,5,7,35
311=1,5,7,35
312=1,5,7,35
313=1,5,7,35

[staple_booklet]
1=1,2,5,6,7,8,10
2=1,2,5,6,7,8,10
3=1,2,5,6,7,8,10
4=1,2,5,6,7,8,10
5=1,2,5,6,7,8,10


[staple_psrc]
9=257,258,274
10=257,258,274


[shortedge_settings]

;[num]=[orientation],[nup],[bindinge edge],[staple],[punch]
;
;orientation
;   portrait  : 1
;   landscape : 2
;
;binding edge
;   left  : 0
;   right : 1
;   top   : 2

count=84

0=1,1,2,2,0
1=1,1,2,0,1
2=1,1,2,1,1
3=1,1,2,2,1

4=1,2,0,2,0
5=1,2,0,0,1
6=1,2,0,1,1
7=1,2,0,2,1
8=1,2,1,2,0
9=1,2,1,0,1
10=1,2,1,1,1
11=1,2,1,2,1

12=1,4,2,2,0
13=1,4,2,0,1
14=1,4,2,1,1
15=1,4,2,2,1

16=1,6,0,2,0
17=1,6,0,0,1
18=1,6,0,1,1
19=1,6,0,2,1
20=1,6,1,2,0
21=1,6,1,0,1
22=1,6,1,1,1
23=1,6,1,2,1

24=1,8,0,2,0
25=1,8,0,0,1
26=1,8,0,1,1
27=1,8,0,2,1
28=1,8,1,2,0
29=1,8,1,0,1
30=1,8,1,1,1
31=1,8,1,2,1

32=1,9,2,2,0
33=1,9,2,0,1
34=1,9,2,1,1
35=1,9,2,2,1

36=1,16,2,2,0
37=1,16,2,0,1
38=1,16,2,1,1
39=1,16,2,2,1

40=2,1,0,2,0
41=2,1,0,0,1
42=2,1,0,1,1
43=2,1,0,2,1
44=2,1,1,2,0
45=2,1,1,0,1
46=2,1,1,1,1
47=2,1,1,2,1

48=2,2,2,2,0
49=2,2,2,0,1
50=2,2,2,1,1
51=2,2,2,2,1

52=2,4,0,2,0
53=2,4,0,0,1
54=2,4,0,1,1
55=2,4,0,2,1
56=2,4,1,2,0
57=2,4,1,0,1
58=2,4,1,1,1
59=2,4,1,2,1

60=2,6,2,2,0
61=2,6,2,0,1
62=2,6,2,1,1
63=2,6,2,2,1

64=2,8,2,2,0
65=2,8,2,0,1
66=2,8,2,1,1
67=2,8,2,2,1

68=2,9,0,2,0
69=2,9,0,0,1
70=2,9,0,1,1
71=2,9,0,2,1
72=2,9,1,2,0
73=2,9,1,0,1
74=2,9,1,1,1
75=2,9,1,2,1

76=2,16,0,2,0
77=2,16,0,0,1
78=2,16,0,1,1
79=2,16,0,2,1
80=2,16,1,2,0
81=2,16,1,0,1
82=2,16,1,1,1
83=2,16,1,2,1


[longedge_settings]

;[num]=[orientation],[nup],[bindinge edge],[staple],[punch]
;
;orientation
;   portrait  : 1
;   landscape : 2
;
;binding edge
;   left  : 0
;   right : 1
;   top   : 2

count=84

0=1,1,0,2,0
1=1,1,0,0,1
2=1,1,0,1,1
3=1,1,0,2,1
4=1,1,1,2,0
5=1,1,1,0,1
6=1,1,1,1,1
7=1,1,1,2,1

8=1,2,2,2,0
9=1,2,2,0,1
10=1,2,2,1,1
11=1,2,2,2,1

12=1,4,0,2,0
13=1,4,0,0,1
14=1,4,0,1,1
15=1,4,0,2,1
16=1,4,1,2,0
17=1,4,1,0,1
18=1,4,1,1,1
19=1,4,1,2,1

20=1,6,2,2,0
21=1,6,2,0,1
22=1,6,2,1,1
23=1,6,2,2,1

24=1,8,2,2,0
25=1,8,2,0,1
26=1,8,2,1,1
27=1,8,2,2,1

28=1,9,0,2,0
29=1,9,0,0,1
30=1,9,0,1,1
31=1,9,0,2,1
32=1,9,1,2,0
33=1,9,1,0,1
34=1,9,1,1,1
35=1,9,1,2,1

36=1,16,0,2,0
37=1,16,0,0,1
38=1,16,0,1,1
39=1,16,0,2,1
40=1,16,1,2,0
41=1,16,1,0,1
42=1,16,1,1,1
43=1,16,1,2,1

44=2,1,2,2,0
45=2,1,2,0,1
46=2,1,2,1,1
47=2,1,2,2,1

48=2,2,0,2,0
49=2,2,0,0,1
50=2,2,0,1,1
51=2,2,0,2,1
52=2,2,1,2,0
53=2,2,1,0,1
54=2,2,1,1,1
55=2,2,1,2,1

56=2,4,2,2,0
57=2,4,2,0,1
58=2,4,2,1,1
59=2,4,2,2,1

60=2,6,0,2,0
61=2,6,0,0,1
62=2,6,0,1,1
63=2,6,0,2,1
64=2,6,1,2,0
65=2,6,1,0,1
66=2,6,1,1,1
67=2,6,1,2,1

68=2,8,0,2,0
69=2,8,0,0,1
70=2,8,0,1,1
71=2,8,0,2,1
72=2,8,1,2,0
73=2,8,1,0,1
74=2,8,1,1,1
75=2,8,1,2,1

76=2,9,2,2,0
77=2,9,2,0,1
78=2,9,2,1,1
79=2,9,2,2,1

80=2,16,2,2,0
81=2,16,2,0,1
82=2,16,2,1,1
83=2,16,2,2,1


[restrictions]

staple_ptype=264,275,265,266,278,279,267,268,269,280,281
staple_pamph_ptype=261,264,275,265,266,278,279,267,268,269,280,281
staple_less_ptype=
staple_ptype_2=264,275,265,266,278,279,267,268,269,280,281
staple_pamph_ptype_2=261,264,275,265,266,278,279,267,268,269,280,281
staple_less_ptype_2=264,275,265,266,278,279,267,268,269,280,281
staple_ptype_3=264,275,265,266,278,279,267,268,269,280,281
staple_pamph_ptype_3=
staple_less_ptype_3=264,275,265,266,278,279,267,268,269,280,281
punch_ptype=261,264,275,267,269
punch_ptype_2=261,264,275,279,267,269
fld_ptype=259,260,261,264,275,266,278,276,267,268,269,280

poster_psize=310,311,66,284,295,305,7,6,14,281,93,309,43,256,401,402,403,404,405,406,407,400,450,451,452,453
poster_ptype=275,269,268

tpins_psize=43,400
tpins_ptype=

ccopy_psize=43,400

psrc_enable_to_set_with_ptype=7,291,290

[imgtype_spcopt]
7=1,2,3,4,5,6,7,8

[staple_fld]
0=3,10,11
1=4,5,6,7,9,3,10,11
2=4,5,6,7,9,3,10,11
5=4,5,6,7,9,3,10,11
6=4,5,6,7,9,3,10,11
7=4,5,6,7,9,3,10,11
8=4,5,6,7,9,3,10,11
9=0,4,5,6,7,8,9
10=0,4,5,6,7,8,9

[staple_punch]
9=1
10=1

[punch_fld]
1=4,5,6,7,9

[spcopt_fld]
0=
1=
2=1,2,3
3=
4=1,2,3
5=3
6=
7=3
8=

[insertsoption_output]
1=5
2=5,7,35
3=5
4=5,7,35

[custompamphlet]
9=8,9,12,3,1,281,450
11=9,1
13=9,12,1
1=8,9,12,3,1,281
6=9,1
93=9,12,1,281

[custompamphlet2]
8=9,1
12=9,13,1,93
3=9,1
281=9,1,93
450=9

[fold_output]
0=7,35
3=1,5,4,37,40,6,24,26,25,27,29,28,35
4=1,5,4,37,40,6,7,35
5=1,5,4,37,40,6,24,26,25,27,29,28,7
6=1,5,4,37,40,6,24,26,25,27,29,28,7
7=1,5,4,37,40,6,24,26,25,27,29,28,7
8=1,5,4,37,40,6,7,35
9=1,5,4,37,40,6,24,26,25,27,29,28,35
10=1,5,4,37,40,6,24,26,25,27,29,28,35
11=1,5,4,37,40,6,24,26,25,27,29,28,35

[outopt_staple]
0=1,2,8,9,10
1024=8,9,10
2=9,10
128=8,9,10
512=8

[outopt_punchmodule]
0=1,3,4,6
1024=1,3,4,6
2=1
4=1

[outopt_output]
0=4,37,40,6,24,26,25,27,29,28,7,5,35
1024=1,37,40,6,24,26,25,27,29,28,7,5,35
2=1,4,40,24,26,25,27,29,28,7,5,35
128=1,4,37,40,6,27,29,28,7,5,35
4=1,4,37,24,26,25,27,29,28,5,35
512=1,4,37,40,6,24,26,25,5,35

[limit_msg_control_tbl]
13654=108,-1
13677=129,130,131,132,133,134,135,136,221,137,-1
13886=111,112,156,-1
14070=157,-1
14086=46,-1
14098=149,-1
14099=123,-1
14104=20,-1
14106=19,-1
14123=127,290,-1
14128=247,-1
14130=145,-1
14131=7,-1
14167=147,-1
14229=230,-1
14272=146,-1
14304=208,169,-1
14356=0,1,2,3,266,267,-1
14358=21,165,-1
14363=69,70,269,210,217,71,72,73,74,273,-1
14373=142,139,240,241,248,251,190,140,263,260,141,-1
14374=122,119,249,252,163,189,120,212,121,261,-1
14420=80,82,254,265,83,84,85,-1
14421=173,-1
14422=150,151,152,211,153,245,-1
14423=94,170,213,95,96,97,98,99,154,100,228,101,102,275,274,-1
14449=90,91,281,282,246,92,283,93,286,287,284,285,288,289,-1
14454=186,48,49,50,291,-1
14455=143,-1
14456=67,-1
14469=113,114,115,116,117,-1
14475=51,278,172,-1
14543=206,39,40,167,-1
14544=158,4,5,220,276,-1
14547=148,-1
14560=25,26,27,28,29,-1
14562=204,103,104,105,106,107,277,-1
14565=68,-1
14575=148,-1
14579=231,-1
14627=86,229,234,177,233,-1
14630=160,171,-1
14632=279,-1
14641=124,125,126,-1
14653=176,235,-1
14694=6,-1
14700=159,187,44,250,253,259,45,264,262,161,162,-1
14791=205,110,166,-1
14798=128,-1
14799=224,363,223,226,222,9,216,183,10,11,193,194,12,227,13,272,268,361,-1
14800=47,-1
14801=225,57,244,58,59,242,60,155,196,292,243,257,270,61,215,62,63,-1
14802=14,15,16,17,18,-1
14804=22,23,24,-1
14805=52,53,54,55,56,-1
14806=76,77,78,-1
14807=209,174,175,30,184,31,32,33,34,35,36,37,38,280,-1
14808=87,271,88,89,-1
14809=41,-1
14810=144,-1
14811=43,-1
14812=42,-1
14813=64,-1
14814=65,256,66,214,-1
14815=109,-1
14816=138,179,232,-1
14817=79,-1
14818=75,255,164,-1
14819=118,-1
14820=79,-1
14821=207,168,-1
14837=237,180,-1
14838=236,181,-1
14839=178,-1
14840=182,-1
14847=185,362,-1
14857=188,192,358,258,-1
14876=191,195,197,-1
14877=198,-1
14882=199,-1
14885=200,-1
14886=201,-1
14887=202,-1
14888=203,-1
14896=238,239,-1
14900=329,-1

[PTPC_Staple]
count=21
0=-1,-1
1=0,-1
2=1,0
3=1,1
4=-1,-1
5=-1,-1
6=2,0
7=2,1
8=2,2
9=-1,-1
10=2,-1
11=8,0
12=8,1
13=-1,-1
14=-1,-1
15=-1,-1
16=-1,-1
17=2,-1
18=8,2
19=-1,-1
20=-2,-2

opt_staple_custom=20,11,12,17,18


[PTPC_Orientation]
count=5
0=-1,-1
1=1,0
2=2,0
3=1,1
4=2,1


[PTPC_Duplex]
count=4
0=-1
1=1
2=3
3=2


[PTPC_Collate]
count=4
0=-1
1=1
2=0


[PTPC_PrintMode]
count=3
11=300,300
12=600,600
13=1200,1200


[PTPC_OutputColor]
count=11
0=-1,-1
1=2,-1
2=1,-1
3=-1,-1
4=3,-1
5=4,0
6=4,1
7=4,2
8=4,3
9=4,4
10=4,5
