; ---------------------------------------------------------
;     Paper Size
; ---------------------------------------------------------

; [paper_options]
; 
; force_ftp=66,310,311
; force_ftpo=1,9

; [PamphletTiledInfo]
; count=8
; 0=9,8
; 1=11,9
; 2=13,12
; 3=1,3
; 4=6,1
; 5=93,281
; 6=300,299
; 7=307,284


[Papers]
1=850,1100,4,90
3=1100,1700,4,90
5=850,1400,4,90
6=550,850,4,90
7=725,1050,4,90
8=2970,4200,2,90
9=2100,2970,2,90
11=1480,2100,2,90
12=2570,3640,2,90
13=1820,2570,2,90
14=850,1300,4,90
17=1100,1700,4,90
19=387,887,4,90
20=412,950,4,90
27=1100,2200,2,90
28=1620,2290,2,90
30=2290,3240,2,90
31=1140,1620,2,90
34=1760,2500,2,90
37=387,750,4,90
43=1000,1480,2,90
66=4200,5940,2,90
69=1480,2000,2,90
70=1050,1480,2,90
71=2400,3320,2,90
72=2160,2770,2,90
73=1200,2350,2,90
74=900,2050,2,90
88=1280,1820,2,90
91=1050,2350,2,90
93=1950,2700,2,90
94=1350,1950,2,90
256=1000,1000,2,90
280=830,1300,4,90
281=2700,3900,2,90
284=3050,4570,2,90
285=1140,1620,2,90
295=1200,1800,4,90
296=900,1200,4,90
297=1300,1900,4,90
299=3200,4500,2,90
300=2250,3200,2,90
301=3180,4695,2,90
302=2348,3180,2,90
303=3125,4400,2,90
304=2200,3125,2,90
305=850,1340,4,90
307=2290,3050,2,90
308=700,850,4,90
309=2160,3430,2,90
310=8410,11890,2,90
311=5940,8410,2,90
312=2285,3050,2,90
313=670,850,4,90
314=1715,2159,2,90
315=650,850,4,90
317=950,1300,4,90
318=2000,2960,2,90
319=900,2250,2,90
320=1200,2350,2,90
321=1620,2290,2,90
400=1000,1000,2,90
401=1000,1000,2,90
402=1000,1000,2,90
403=1000,1000,2,90
404=1000,1000,2,90
405=1000,1000,2,90
406=1000,1000,2,90
407=1000,1000,2,90
450=1000,1000,2,90
451=1000,1000,2,90
452=1000,1000,2,90
453=1000,1000,2,90
454=2060,3010,2,90
455=2119,2834,2,90
456=3010,4160,2,90
457=2834,4278,2,90
458=2080,3010,2,90
459=2139,2834,2,90


[PapersLand]
1=850,1100,4,90
3=1100,1700,4,90
5=850,1400,4,90
6=550,850,4,90
7=725,1050,4,90
8=2970,4200,2,90
9=2100,2970,2,90
11=1480,2100,2,90
12=2570,3640,2,90
13=1820,2570,2,90
14=850,1300,4,90
17=1100,1700,4,90
19=387,887,4,90
20=412,950,4,90
27=1100,2200,2,90
28=1620,2290,2,90
30=2290,3240,2,90
31=1140,1620,2,90
34=1760,2500,2,90
37=387,750,4,90
43=1000,1480,2,90
66=4200,5940,2,90
69=1480,2000,2,90
70=1050,1480,2,90
71=2400,3320,2,90
72=2160,2770,2,90
73=1200,2350,2,90
74=900,2050,2,90
88=1280,1820,2,90
91=1050,2350,2,90
93=1950,2700,2,90
94=1350,1950,2,90
256=1000,1000,2,90
280=830,1300,4,90
281=2700,3900,2,90
284=3050,4570,2,90
285=1140,1620,2,90
295=1200,1800,4,90
296=900,1200,4,90
297=1300,1900,4,90
299=3200,4500,2,90
300=2250,3200,2,90
301=3180,4695,2,90
302=2348,3180,2,90
303=3125,4400,2,90
304=2200,3125,2,90
305=850,1340,4,90
307=2290,3050,2,90
308=700,850,4,90
309=2160,3430,2,90
310=8410,11890,2,90
311=5940,8410,2,90
312=2285,3050,2,90
313=670,850,4,90
314=1715,2159,2,90
315=650,850,4,90
317=950,1300,4,90
318=2000,2960,2,90
319=900,2250,2,90
320=1200,2350,2,90
321=1620,2290,2,90
400=1000,1000,2,90
401=1000,1000,2,90
402=1000,1000,2,90
403=1000,1000,2,90
404=1000,1000,2,90
405=1000,1000,2,90
406=1000,1000,2,90
407=1000,1000,2,90
450=1000,1000,2,90
451=1000,1000,2,90
452=1000,1000,2,90
453=1000,1000,2,90
454=2060,3010,2,90
455=2119,2834,2,90
456=3010,4160,2,90
457=2834,4278,2,90
458=2080,3010,2,90
459=2139,2834,2,90


[PaperPixelPort]
1=2550,3300,50,50,300
3=3300,5100,50,50,300 
5=2550,4200,50,50,300
6=1650,2550,50,50,300
7=2175,3150,50,50,300
8=3507,4959,50,50,300
9=2480,3507,50,50,300
11=1748,2480,50,50,300
12=3035,4299,50,50,300
13=2149,3035,50,50,300
14=2550,3900,50,50,300
17=3300,5100,50,50,300
19=1161,2661,50,50,300
20=1237,2850,50,50,300
27=1299,2598,50,50,300
28=1913,2704,50,50,300
30=2704,3826,50,50,300
31=1346,1913,50,50,300
34=2078,2952,50,50,300
37=1162,2250,50,50,300
43=1181,1748,50,50,300
66=4959,7014,50,50,300
69=1748,2362,50,50,300
70=1240,1748,50,50,300
71=2834,3921,50,50,300
72=2551,3271,50,50,300
73=1418,2776,50,50,300
74=1062,2421,50,50,300
88=1511,2149,50,50,300
91=1240,2775,50,50,300
93=2303,3189,50,50,300
94=1594,2303,50,50,300
256=1181,1181,50,50,300
280=2490,3900,50,50,300
281=3189,4606,50,50,300
284=3600,5400,36,50,300
285=1346,1913,50,50,300
295=3600,5400,50,50,300
296=2700,3600,50,50,300
297=3900,5700,50,50,300
299=3779,5314,60,50,300
300=2657,3779,50,60,300
301=3755,5545,50,50,300
302=2772,3755,50,50,300
303=3690,5196,50,50,300
304=2598,3690,50,50,300
305=2550,4020,50,50,300
307=2700,3600,50,36,300
308=2100,2550,50,50,300
309=2550,4050,50,50,300
310=9933,14043,50,50,300
311=7015,9933,50,50,300
312=2700,3600,36,50,300
313=2010,2550,50,50,300
314=2025,2550,50,50,300
315=1950,2550,50,50,300
317=2850,3900,50,50,300
318=2362,3496,50,50,300
319=1062,2657,50,50,300
320=1418,2776,50,50,300
321=1913,2704,50,50,300
400=1181,1181,50,50,300
401=1181,1181,50,50,300
402=1181,1181,50,50,300
403=1181,1181,50,50,300
404=1181,1181,50,50,300
405=1181,1181,50,50,300
406=1181,1181,50,50,300
407=1181,1181,50,50,300
450=1181,1181,50,50,300
451=1181,1181,50,50,300
452=1181,1181,50,50,300
453=1181,1181,50,50,300
454=2432,3555,50,50,300
455=2502,3348,50,50,300
456=3555,4911,50,50,300
457=3348,5052,50,50,300
458=2456,3555,50,50,300
459=2526,3348,50,50,300


[PaperPixelLand]
1=2550,3300,50,50,300
3=3300,5100,50,50,300 
5=2550,4200,50,50,300
6=1650,2550,50,50,300
7=2175,3150,50,50,300
8=3507,4959,50,50,300
9=2480,3507,50,50,300
11=1748,2480,50,50,300
12=3035,4299,50,50,300
13=2149,3035,50,50,300
14=2550,3900,50,50,300
17=3300,5100,50,50,300
19=1161,2661,50,50,300
20=1237,2850,50,50,300
27=1299,2598,50,50,300
28=1913,2704,50,50,300
30=2704,3826,50,50,300
31=1346,1913,50,50,300
34=2078,2952,50,50,300
37=1162,2250,50,50,300
43=1181,1748,50,50,300
66=4959,7014,50,50,300
69=1748,2362,50,50,300
70=1240,1748,50,50,300
71=2834,3921,50,50,300
72=2551,3271,50,50,300
73=1418,2776,50,50,300
74=1062,2421,50,50,300
88=1511,2149,50,50,300
91=1240,2775,50,50,300
93=2303,3189,50,50,300
94=1594,2303,50,50,300
256=1181,1181,50,50,300
280=2490,3900,50,50,300
281=3189,4606,50,50,300
284=3600,5400,36,50,300
285=1346,1913,50,50,300
295=3600,5400,50,50,300
296=2700,3600,50,50,300
297=3900,5700,50,50,300
299=3779,5314,60,50,300
300=2657,3779,50,60,300
301=3755,5545,50,50,300
302=2772,3755,50,50,300
303=3690,5196,50,50,300
304=2598,3690,50,50,300
305=2550,4020,50,50,300
307=2700,3600,50,36,300
308=2100,2550,50,50,300
309=2550,4050,50,50,300
310=9933,14043,50,50,300
311=7015,9933,50,50,300
312=2700,3600,36,50,300
313=2010,2550,50,50,300
314=2025,2550,50,50,300
315=1950,2550,50,50,300
317=2850,3900,50,50,300
318=2362,3496,50,50,300
319=1062,2657,50,50,300
320=1418,2776,50,50,300
321=1913,2704,50,50,300
400=1181,1181,50,50,300
401=1181,1181,50,50,300
402=1181,1181,50,50,300
403=1181,1181,50,50,300
404=1181,1181,50,50,300
405=1181,1181,50,50,300
406=1181,1181,50,50,300
407=1181,1181,50,50,300
450=1181,1181,50,50,300
451=1181,1181,50,50,300
452=1181,1181,50,50,300
453=1181,1181,50,50,300
454=2432,3555,50,50,300
455=2502,3348,50,50,300
456=3555,4911,50,50,300
457=3348,5052,50,50,300
458=2456,3555,50,50,300
459=2526,3348,50,50,300


[PaperPixelPortEdgeToEdge]
1=2550,3300,12,12,300
3=3300,5100,12,12,300
5=2550,4200,12,12,300
6=1650,2550,12,12,300
7=2175,3150,12,12,300
8=3507,4959,12,12,300
9=2480,3507,12,12,300
11=1748,2480,12,12,300
12=3035,4299,12,12,300
13=2149,3035,12,12,300
14=2550,3900,12,12,300
17=3300,5100,12,12,300
19=1161,2661,12,12,300
20=1235,2850,12,12,300
27=1299,2598,12,12,300
28=1913,2704,12,12,300
30=2704,3826,12,12,300
31=1346,1913,12,12,300
34=2078,2952,12,12,300
37=1161,2250,12,12,300
43=1181,1748,12,12,300
66=4959,7014,12,12,300
69=1748,2362,12,12,300
70=1240,1748,12,12,300
71=2834,3921,12,12,300
72=2551,3271,12,12,300
73=1418,2776,12,12,300
74=1062,2421,12,12,300
88=1511,2149,12,12,300
91=1240,2775,12,12,300
93=2303,3189,12,12,300
94=1594,2303,12,12,300
256=1181,1181,12,12,300
280=2489,3900,12,12,300
281=3189,4606,12,12,300
284=3600,5400,12,12,300
285=1346,1913,12,12,300
295=3600,5400,12,12,300
296=2700,3600,12,12,300
297=3900,5700,12,12,300
299=3779,5314,12,12,300
300=2657,3779,12,12,300
301=3755,5545,12,12,300
302=2772,3755,12,12,300
303=3690,5196,12,12,300
304=2598,3690,12,12,300
305=2550,4020,12,12,300
307=2700,3600,12,12,300
308=2100,2550,12,12,300
309=2550,4050,12,12,300
310=9933,14043,12,12,300
311=7015,9933,12,12,300
312=2700,3600,12,12,300
313=2010,2550,12,12,300
314=2025,2550,12,12,300
315=1950,2550,12,12,300
317=2850,3900,12,12,300
318=2362,3496,12,12,300
319=1062,2657,12,12,300
320=1418,2776,12,12,300
321=1913,2704,12,12,300
400=1181,1181,12,12,300
401=1181,1181,12,12,300
402=1181,1181,12,12,300
403=1181,1181,12,12,300
404=1181,1181,12,12,300
405=1181,1181,12,12,300
406=1181,1181,12,12,300
407=1181,1181,12,12,300
450=1181,1181,12,12,300
451=1181,1181,12,12,300
452=1181,1181,12,12,300
453=1181,1181,12,12,300
454=2432,3555,12,12,300
455=2502,3348,12,12,300
456=3555,4911,12,12,300
457=3348,5052,12,12,300
458=2456,3555,12,12,300
459=2526,3348,12,12,300


[PaperPixelLandEdgeToEdge]
1=2550,3300,12,12,300
3=3300,5100,12,12,300
5=2550,4200,12,12,300
6=1650,2550,12,12,300
7=2175,3150,12,12,300
8=3507,4959,12,12,300
9=2480,3507,12,12,300
11=1748,2480,12,12,300
12=3035,4299,12,12,300
13=2149,3035,12,12,300
14=2550,3900,12,12,300
17=3300,5100,12,12,300
19=1161,2661,12,12,300
20=1235,2850,12,12,300
27=1299,2598,12,12,300
28=1913,2704,12,12,300
30=2704,3826,12,12,300
31=1346,1913,12,12,300
34=2078,2952,12,12,300
37=1161,2250,12,12,300
43=1181,1748,12,12,300
66=4959,7014,12,12,300
69=1748,2362,12,12,300
70=1240,1748,12,12,300
71=2834,3921,12,12,300
72=2551,3271,12,12,300
73=1418,2776,12,12,300
74=1062,2421,12,12,300
88=1511,2149,12,12,300
91=1240,2775,12,12,300
93=2303,3189,12,12,300
94=1594,2303,12,12,300
256=1181,1181,12,12,300
280=2489,3900,12,12,300
281=3189,4606,12,12,300
284=3600,5400,12,12,300
285=1346,1913,12,12,300
295=3600,5400,12,12,300
296=2700,3600,12,12,300
297=3900,5700,12,12,300
299=3779,5314,12,12,300
300=2657,3779,12,12,300
301=3755,5545,12,12,300
302=2772,3755,12,12,300
303=3690,5196,12,12,300
304=2598,3690,12,12,300
305=2550,4020,12,12,300
307=2700,3600,12,12,300
308=2100,2550,12,12,300
309=2550,4050,12,12,300
310=9933,14043,12,12,300
311=7015,9933,12,12,300
312=2700,3600,12,12,300
313=2010,2550,12,12,300
314=2025,2550,12,12,300
315=1950,2550,12,12,300
317=2850,3900,12,12,300
318=2362,3496,12,12,300
319=1062,2657,12,12,300
320=1418,2776,12,12,300
321=1913,2704,12,12,300
400=1181,1181,12,12,300
401=1181,1181,12,12,300
402=1181,1181,12,12,300
403=1181,1181,12,12,300
404=1181,1181,12,12,300
405=1181,1181,12,12,300
406=1181,1181,12,12,300
407=1181,1181,12,12,300
450=1181,1181,12,12,300
451=1181,1181,12,12,300
452=1181,1181,12,12,300
453=1181,1181,12,12,300
454=2432,3555,12,12,300
455=2502,3348,12,12,300
456=3555,4911,12,12,300
457=3348,5052,12,12,300
458=2456,3555,12,12,300
459=2526,3348,12,12,300


[PaperPixelPortA3WP]
1=2550,3300,0,0,300
3=3300,5100,0,0,300
5=2550,4200,0,0,300
6=1650,2550,0,0,300
7=2174,3150,0,0,300
8=3508,4960,0,0,300
9=2480,3508,0,0,300
11=1748,2480,0,0,300
12=3035,4299,0,0,300
13=2150,3035,0,0,300
14=2550,3900,0,0,300
17=3300,5100,0,0,300
19=1161,2661,0,0,300
20=1235,2850,0,0,300
27=1299,2598,0,0,300
28=1913,2705,0,0,300
30=2704,3826,0,0,300
31=1346,1913,0,0,300
34=2079,2953,0,0,300
37=1162,2250,0,0,300
43=1181,1748,0,0,300
66=4960,7016,0,0,300
69=1748,2362,0,0,300
70=1240,1748,0,0,300
71=2835,3921,0,0,300
72=2551,3272,0,0,300
73=1417,2776,0,0,300
74=1063,2421,0,0,300
88=1512,2150,0,0,300
91=1240,2776,0,0,300
93=2303,3189,0,0,300
94=1594,2303,0,0,300
256=1063,1748,0,0,300
280=2490,3900,0,0,300
281=3189,4606,0,0,300
284=3602,5398,0,0,300
285=1346,1913,0,0,300
295=3602,5398,0,0,300
296=2700,3600,0,0,300
297=3900,5700,0,0,300
299=3779,5314,0,0,300
300=2657,3779,0,0,300
301=3755,5545,0,0,300
302=2772,3755,0,0,300
303=3690,5196,0,0,300
304=2598,3690,0,0,300
305=2550,4019,0,0,300
307=2700,3600,0,0,300
308=2100,2550,0,0,300
309=2551,4051,0,0,300
310=9933,14043,0,0,300
311=7016,9933,0,0,300
312=2699,3602,0,0,300
313=2009,2550,0,0,300
314=2025,2551,0,0,300
315=1950,2550,0,0,300
317=2850,3900,0,0,300
318=2362,3496,0,0,300
319=1063,2657,0,0,300
320=1417,2776,0,0,300
321=1913,2705,0,0,300
400=1063,1748,0,0,300
401=1063,1748,0,0,300
402=1063,1748,0,0,300
403=1063,1748,0,0,300
404=1063,1748,0,0,300
405=1063,1748,0,0,300
406=1063,1748,0,0,300
407=1063,1748,0,0,300
450=1063,1748,0,0,300
451=1063,1748,0,0,300
452=1063,1748,0,0,300
453=1063,1748,0,0,300
454=2432,3555,0,0,300
455=2502,3348,0,0,300
456=3555,4911,0,0,300
457=3348,5052,0,0,300
458=2456,3555,0,0,300
459=2526,3348,0,0,300


[PaperPixelLandA3WP]
1=2550,3300,0,0,300
3=3300,5100,0,0,300
5=2550,4200,0,0,300
6=1650,2550,0,0,300
7=2174,3150,0,0,300
8=3508,4960,0,0,300
9=2480,3508,0,0,300
11=1748,2480,0,0,300
12=3035,4299,0,0,300
13=2150,3035,0,0,300
14=2550,3900,0,0,300
17=3300,5100,0,0,300
19=1161,2661,0,0,300
20=1235,2850,0,0,300
27=1299,2598,0,0,300
28=1913,2705,0,0,300
30=2704,3826,0,0,300
31=1346,1913,0,0,300
34=2079,2953,0,0,300
37=1162,2250,0,0,300
43=1181,1748,0,0,300
66=4960,7016,0,0,300
69=1748,2362,0,0,300
70=1240,1748,0,0,300
71=2835,3921,0,0,300
72=2551,3272,0,0,300
73=1417,2776,0,0,300
74=1063,2421,0,0,300
88=1512,2150,0,0,300
91=1240,2776,0,0,300
93=2303,3189,0,0,300
94=1594,2303,0,0,300
256=1063,1748,0,0,300
280=2490,3900,0,0,300
281=3189,4606,0,0,300
284=3602,5398,0,0,300
285=1346,1913,0,0,300
295=3602,5398,0,0,300
296=2700,3600,0,0,300
297=3900,5700,0,0,300
299=3779,5314,0,0,300
300=2657,3779,0,0,300
301=3755,5545,0,0,300
302=2772,3755,0,0,300
303=3690,5196,0,0,300
304=2598,3690,0,0,300
305=2550,4019,0,0,300
307=2700,3600,0,0,300
308=2100,2550,0,0,300
309=2551,4051,0,0,300
310=9933,14043,0,0,300
311=7016,9933,0,0,300
312=2699,3602,0,0,300
313=2009,2550,0,0,300
314=2025,2551,0,0,300
315=1950,2550,0,0,300
317=2850,3900,0,0,300
318=2362,3496,0,0,300
319=1063,2657,0,0,300
320=1417,2776,0,0,300
321=1913,2705,0,0,300
400=1063,1748,0,0,300
401=1063,1748,0,0,300
402=1063,1748,0,0,300
403=1063,1748,0,0,300
404=1063,1748,0,0,300
405=1063,1748,0,0,300
406=1063,1748,0,0,300
407=1063,1748,0,0,300
450=1063,1748,0,0,300
451=1063,1748,0,0,300
452=1063,1748,0,0,300
453=1063,1748,0,0,300
454=2432,3555,0,0,300
455=2502,3348,0,0,300
456=3555,4911,0,0,300
457=3348,5052,0,0,300
458=2456,3555,0,0,300
459=2526,3348,0,0,300


[PaperPixelPortA3WP_600]
1=5100,6600,0,0,600
3=6600,10200,0,0,600
5=5100,8400,0,0,600
6=3300,5100,0,0,600
7=4349,6300,0,0,600
8=7016,9921,0,0,600
9=4960,7016,0,0,600
11=3496,4960,0,0,600
12=6071,8598,0,0,600
13=4299,6071,0,0,600
14=5100,7800,0,0,600
17=6600,10200,0,0,600
19=2322,5322,0,0,600
20=2471,5700,0,0,600
27=2598,5197,0,0,600
28=3827,5409,0,0,600
30=5408,7652,0,0,600
31=2692,3826,0,0,600
34=4157,5906,0,0,600
37=2324,4500,0,0,600
43=2362,3496,0,0,600
66=9921,14031,0,0,600
69=3496,4724,0,0,600
70=2480,3496,0,0,600
71=5669,7843,0,0,600
72=5102,6543,0,0,600
73=2835,5551,0,0,600
74=2126,4843,0,0,600
88=3024,4299,0,0,600
91=2480,5551,0,0,600
93=4606,6378,0,0,600
94=3189,4606,0,0,600
256=2126,3496,0,0,600
280=4980,7800,0,0,600
281=6378,9213,0,0,600
284=7205,10795,0,0,600
285=2693,3827,0,0,600
295=7205,10795,0,0,600
296=5400,7200,0,0,600
297=7800,11400,0,0,600
299=7558,10628,0,0,600
300=5314,7558,0,0,600
301=7510,11090,0,0,600
302=5544,7510,0,0,600
303=7380,10392,0,0,600
304=5196,7380,0,0,600
305=5100,8039,0,0,600
307=5400,7200,0,0,600
308=4200,5100,0,0,600
309=5102,8102,0,0,600
310=19866,28087,0,0,600
311=14031,19866,0,0,600
312=5398,7205,0,0,600
313=4019,5100,0,0,600
314=4051,5102,0,0,600
315=3900,5100,0,0,600
317=5700,7800,0,0,600
318=4724,6992,0,0,600
319=2126,5314,0,0,600
320=2835,5551,0,0,600
321=3827,5409,0,0,600
400=2126,3496,0,0,600
401=2126,3496,0,0,600
402=2126,3496,0,0,600
403=2126,3496,0,0,600
404=2126,3496,0,0,600
405=2126,3496,0,0,600
406=2126,3496,0,0,600
407=2126,3496,0,0,600
450=2126,3496,0,0,600
451=2126,3496,0,0,600
452=2126,3496,0,0,600
453=2126,3496,0,0,600
454=4864,7110,0,0,600
455=5004,6696,0,0,600
456=7110,9822,0,0,600
457=6696,10104,0,0,600
458=4912,7110,0,0,600
459=5052,6696,0,0,600


[PaperPixelLandA3WP_600]
1=5100,6600,0,0,600
3=6600,10200,0,0,600
5=5100,8400,0,0,600
6=3300,5100,0,0,600
7=4349,6300,0,0,600
8=7016,9921,0,0,600
9=4960,7016,0,0,600
11=3496,4960,0,0,600
12=6071,8598,0,0,600
13=4299,6071,0,0,600
14=5100,7800,0,0,600
17=6600,10200,0,0,600
19=2322,5322,0,0,600
20=2471,5700,0,0,600
27=2598,5197,0,0,600
28=3827,5409,0,0,600
30=5408,7652,0,0,600
31=2692,3826,0,0,600
34=4157,5906,0,0,600
37=2324,4500,0,0,600
43=2362,3496,0,0,600
66=9921,14031,0,0,600
69=3496,4724,0,0,600
70=2480,3496,0,0,600
71=5669,7843,0,0,600
72=5102,6543,0,0,600
73=2835,5551,0,0,600
74=2126,4843,0,0,600
88=3024,4299,0,0,600
91=2480,5551,0,0,600
93=4606,6378,0,0,600
94=3189,4606,0,0,600
256=2126,3496,0,0,600
280=4980,7800,0,0,600
281=6378,9213,0,0,600
284=7205,10795,0,0,600
285=2693,3827,0,0,600
295=7205,10795,0,0,600
296=5400,7200,0,0,600
297=7800,11400,0,0,600
299=7558,10628,0,0,600
300=5314,7558,0,0,600
301=7510,11090,0,0,600
302=5544,7510,0,0,600
303=7380,10392,0,0,600
304=5196,7380,0,0,600
305=5100,8039,0,0,600
307=5400,7200,0,0,600
308=4200,5100,0,0,600
309=5102,8102,0,0,600
310=19866,28087,0,0,600
311=14031,19866,0,0,600
312=5398,7205,0,0,600
313=4019,5100,0,0,600
314=4051,5102,0,0,600
315=3900,5100,0,0,600
317=5700,7800,0,0,600
318=4724,6992,0,0,600
319=2126,5314,0,0,600
320=2835,5551,0,0,600
321=3827,5409,0,0,600
400=2126,3496,0,0,600
401=2126,3496,0,0,600
402=2126,3496,0,0,600
403=2126,3496,0,0,600
404=2126,3496,0,0,600
405=2126,3496,0,0,600
406=2126,3496,0,0,600
407=2126,3496,0,0,600
450=2126,3496,0,0,600
451=2126,3496,0,0,600
452=2126,3496,0,0,600
453=2126,3496,0,0,600
454=4864,7110,0,0,600
455=5004,6696,0,0,600
456=7110,9822,0,0,600
457=6696,10104,0,0,600
458=4912,7110,0,0,600
459=5052,6696,0,0,600


[PaperPixelPortA3WP_1200]
1=10200,13200,0,0,1200
3=13200,20400,0,0,1200
5=10200,16800,0,0,1200
6=6600,10200,0,0,1200
7=8698,12600,0,0,1200
8=14031,19842,0,0,1200
9=9921,14031,0,0,1200
11=6992,9921,0,0,1200
12=12142,17197,0,0,1200
13=8598,12142,0,0,1200
14=10200,15600,0,0,1200
17=13200,20400,0,0,1200
19=4644,10644,0,0,1200
20=4942,11400,0,0,1200
27=5197,10394,0,0,1200
28=7654,10819,0,0,1200
30=10816,15304,0,0,1200
31=5384,7652,0,0,1200
34=8315,11811,0,0,1200
37=4649,9000,0,0,1200
43=4724,6992,0,0,1200
66=19842,28063,0,0,1200
69=6992,9449,0,0,1200
70=4961,6992,0,0,1200
71=11339,15685,0,0,1200
72=10205,13087,0,0,1200
73=5669,11102,0,0,1200
74=4252,9685,0,0,1200
88=6047,8598,0,0,1200
91=4961,11102,0,0,1200
93=9213,12756,0,0,1200
94=6378,9213,0,0,1200
256=4252,6992,0,0,1200
280=9959,15600,0,0,1200
281=12756,18425,0,0,1200
284=14409,21591,0,0,1200
285=5386,7654,0,0,1200
295=14409,21591,0,0,1200
296=10800,14400,0,0,1200
297=15600,22800,0,0,1200
299=15116,21256,0,0,1200
300=10628,15116,0,0,1200
301=15020,22180,0,0,1200
302=11088,15020,0,0,1200
303=14760,20784,0,0,1200
304=10392,14760,0,0,1200
305=10200,16077,0,0,1200
307=10800,14400,0,0,1200
308=8400,10200,0,0,1200
309=10205,16205,0,0,1200
310=39732,56173,0,0,1200
311=28063,39732,0,0,1200
312=10795,14409,0,0,1200
313=8038,10200,0,0,1200
314=8102,10205,0,0,1200
315=7800,10200,0,0,1200
317=11400,15600,0,0,1200
318=9448,13984,0,0,1200
319=4252,10628,0,0,1200
320=5669,11102,0,0,1200
321=7654,10819,0,0,1200
400=4252,6992,0,0,1200
401=4252,6992,0,0,1200
402=4252,6992,0,0,1200
403=4252,6992,0,0,1200
404=4252,6992,0,0,1200
405=4252,6992,0,0,1200
406=4252,6992,0,0,1200
407=4252,6992,0,0,1200
450=4252,6992,0,0,1200
451=4252,6992,0,0,1200
452=4252,6992,0,0,1200
453=4252,6992,0,0,1200
454=9728,14220,0,0,1200
455=10008,13392,0,0,1200
456=14220,19644,0,0,1200
457=13392,20208,0,0,1200
458=9824,14220,0,0,1200
459=10104,13392,0,0,1200


[PaperPixelLandA3WP_1200]
1=10200,13200,0,0,1200
3=13200,20400,0,0,1200
5=10200,16800,0,0,1200
6=6600,10200,0,0,1200
7=8698,12600,0,0,1200
8=14031,19842,0,0,1200
9=9921,14031,0,0,1200
11=6992,9921,0,0,1200
12=12142,17197,0,0,1200
13=8598,12142,0,0,1200
14=10200,15600,0,0,1200
17=13200,20400,0,0,1200
19=4644,10644,0,0,1200
20=4942,11400,0,0,1200
27=5197,10394,0,0,1200
28=7654,10819,0,0,1200
30=10816,15304,0,0,1200
31=5384,7652,0,0,1200
34=8315,11811,0,0,1200
37=4649,9000,0,0,1200
43=4724,6992,0,0,1200
66=19842,28063,0,0,1200
69=6992,9449,0,0,1200
70=4961,6992,0,0,1200
71=11339,15685,0,0,1200
72=10205,13087,0,0,1200
73=5669,11102,0,0,1200
74=4252,9685,0,0,1200
88=6047,8598,0,0,1200
91=4961,11102,0,0,1200
93=9213,12756,0,0,1200
94=6378,9213,0,0,1200
256=4252,6992,0,0,1200
280=9959,15600,0,0,1200
281=12756,18425,0,0,1200
284=14409,21591,0,0,1200
285=5386,7654,0,0,1200
295=14409,21591,0,0,1200
296=10800,14400,0,0,1200
297=15600,22800,0,0,1200
299=15116,21256,0,0,1200
300=10628,15116,0,0,1200
301=15020,22180,0,0,1200
302=11088,15020,0,0,1200
303=14760,20784,0,0,1200
304=10392,14760,0,0,1200
305=10200,16077,0,0,1200
307=10800,14400,0,0,1200
308=8400,10200,0,0,1200
309=10205,16205,0,0,1200
310=39732,56173,0,0,1200
311=28063,39732,0,0,1200
312=10795,14409,0,0,1200
313=8038,10200,0,0,1200
314=8102,10205,0,0,1200
315=7800,10200,0,0,1200
317=11400,15600,0,0,1200
318=9448,13984,0,0,1200
319=4252,10628,0,0,1200
320=5669,11102,0,0,1200
321=7654,10819,0,0,1200
400=4252,6992,0,0,1200
401=4252,6992,0,0,1200
402=4252,6992,0,0,1200
403=4252,6992,0,0,1200
404=4252,6992,0,0,1200
405=4252,6992,0,0,1200
406=4252,6992,0,0,1200
407=4252,6992,0,0,1200
450=4252,6992,0,0,1200
451=4252,6992,0,0,1200
452=4252,6992,0,0,1200
453=4252,6992,0,0,1200
454=9728,14220,0,0,1200
455=10008,13392,0,0,1200
456=14220,19644,0,0,1200
457=13392,20208,0,0,1200
458=9824,14220,0,0,1200
459=10104,13392,0,0,1200


; ---------------------------------------------------------
;     Margin
; ---------------------------------------------------------
[Margin]
1=42,42,42,42,2
3=42,42,42,42,2
5=42,42,42,42,2
6=42,42,42,42,2
7=42,42,42,42,2
8=42,42,42,42,2
9=42,42,42,42,2
11=42,42,42,42,2
12=42,42,42,42,2
13=42,42,42,42,2
14=42,42,42,42,2
17=42,42,42,42,2
19=42,42,42,42,2
20=42,42,42,42,2
27=42,42,42,42,2
28=42,42,42,42,2
30=42,42,42,42,2
31=42,42,42,42,2
34=42,42,42,42,2
37=42,42,42,42,2
43=42,42,42,42,2
66=42,42,42,42,2
69=42,42,42,42,2
70=42,42,42,42,2
71=42,42,42,42,2
72=42,42,42,42,2
73=42,42,42,42,2
74=42,42,42,42,2
88=42,42,42,42,2
91=42,42,42,42,2
93=42,42,42,42,2
94=42,42,42,42,2
256=42,42,42,42,2
280=42,42,42,42,2
281=42,42,42,42,2
284=42,42,42,42,2
285=42,42,42,42,2
295=42,42,42,42,2
296=42,42,42,42,2
297=42,42,42,42,2
299=42,42,42,42,2
300=42,42,42,42,2
301=42,42,42,42,2
302=42,42,42,42,2
303=42,42,42,42,2
304=42,42,42,42,2
305=42,42,42,42,2
307=42,42,42,42,2
308=42,42,42,42,2
309=42,42,42,42,2
310=42,42,42,42,2
311=42,42,42,42,2
312=42,42,42,42,2
313=42,42,42,42,2
314=42,42,42,42,2
315=42,42,42,42,2
317=42,42,42,42,2
318=42,42,42,42,2
319=42,42,42,42,2
320=42,42,42,42,2
321=42,42,42,42,2
400=42,42,42,42,2
401=42,42,42,42,2
402=42,42,42,42,2
403=42,42,42,42,2
404=42,42,42,42,2
405=42,42,42,42,2
406=42,42,42,42,2
407=42,42,42,42,2
450=42,42,42,42,2
451=42,42,42,42,2
452=42,42,42,42,2
453=42,42,42,42,2
454=42,42,42,42,2
455=42,42,42,42,2
456=42,42,42,42,2
457=42,42,42,42,2
458=42,42,42,42,2
459=42,42,42,42,2


[MarginL]
1=42,42,42,42,2
3=42,42,42,42,2
5=42,42,42,42,2
6=42,42,42,42,2
7=42,42,42,42,2
8=42,42,42,42,2
9=42,42,42,42,2
11=42,42,42,42,2
12=42,42,42,42,2
13=42,42,42,42,2
14=42,42,42,42,2
17=42,42,42,42,2
19=42,42,42,42,2
20=42,42,42,42,2
27=42,42,42,42,2
28=42,42,42,42,2
30=42,42,42,42,2
31=42,42,42,42,2
34=42,42,42,42,2
37=42,42,42,42,2
43=42,42,42,42,2
66=42,42,42,42,2
69=42,42,42,42,2
70=42,42,42,42,2
71=42,42,42,42,2
72=42,42,42,42,2
73=42,42,42,42,2
74=42,42,42,42,2
88=42,42,42,42,2
91=42,42,42,42,2
93=42,42,42,42,2
94=42,42,42,42,2
256=42,42,42,42,2
280=42,42,42,42,2
281=42,42,42,42,2
284=42,42,42,42,2
285=42,42,42,42,2
295=42,42,42,42,2
296=42,42,42,42,2
297=42,42,42,42,2
299=42,42,42,42,2
300=42,42,42,42,2
301=42,42,42,42,2
302=42,42,42,42,2
303=42,42,42,42,2
304=42,42,42,42,2
305=42,42,42,42,2
307=42,42,42,42,2
308=42,42,42,42,2
309=42,42,42,42,2
310=42,42,42,42,2
311=42,42,42,42,2
312=42,42,42,42,2
313=42,42,42,42,2
314=42,42,42,42,2
315=42,42,42,42,2
317=42,42,42,42,2
318=42,42,42,42,2
319=42,42,42,42,2
320=42,42,42,42,2
321=42,42,42,42,2
400=42,42,42,42,2
401=42,42,42,42,2
402=42,42,42,42,2
403=42,42,42,42,2
404=42,42,42,42,2
405=42,42,42,42,2
406=42,42,42,42,2
407=42,42,42,42,2
450=42,42,42,42,2
451=42,42,42,42,2
452=42,42,42,42,2
453=42,42,42,42,2
454=42,42,42,42,2
455=42,42,42,42,2
456=42,42,42,42,2
457=42,42,42,42,2
458=42,42,42,42,2
459=42,42,42,42,2


[MarginE]
1=10,10,10,10,2
3=10,10,10,10,2
5=10,10,10,10,2
6=10,10,10,10,2
7=10,10,10,10,2
8=10,10,10,10,2
9=10,10,10,10,2
11=10,10,10,10,2
12=10,10,10,10,2
13=10,10,10,10,2
14=10,10,10,10,2
17=10,10,10,10,2
19=10,10,10,10,2
20=10,10,10,10,2
27=10,10,10,10,2
28=10,10,10,10,2
30=10,10,10,10,2
31=10,10,10,10,2
34=10,10,10,10,2
37=10,10,10,10,2
43=10,10,10,10,2
66=10,10,10,10,2
69=10,10,10,10,2
70=10,10,10,10,2
71=10,10,10,10,2
72=10,10,10,10,2
73=10,10,10,10,2
74=10,10,10,10,2
88=10,10,10,10,2
91=10,10,10,10,2
93=10,10,10,10,2
94=10,10,10,10,2
256=10,10,10,10,2
280=10,10,10,10,2
281=10,10,10,10,2
284=10,10,10,10,2
285=10,10,10,10,2
295=10,10,10,10,2
296=10,10,10,10,2
297=10,10,10,10,2
299=10,10,10,10,2
300=10,10,10,10,2
301=10,10,10,10,2
302=10,10,10,10,2
303=10,10,10,10,2
304=10,10,10,10,2
305=10,10,10,10,2
307=10,10,10,10,2
308=10,10,10,10,2
309=10,10,10,10,2
310=10,10,10,10,2
311=10,10,10,10,2
312=10,10,10,10,2
313=10,10,10,10,2
314=10,10,10,10,2
315=10,10,10,10,2
317=10,10,10,10,2
318=10,10,10,10,2
319=10,10,10,10,2
320=10,10,10,10,2
321=10,10,10,10,2
400=10,10,10,10,2
401=10,10,10,10,2
402=10,10,10,10,2
403=10,10,10,10,2
404=10,10,10,10,2
405=10,10,10,10,2
406=10,10,10,10,2
407=10,10,10,10,2
450=10,10,10,10,2
451=10,10,10,10,2
452=10,10,10,10,2
453=10,10,10,10,2
454=10,10,10,10,2
455=10,10,10,10,2
456=10,10,10,10,2
457=10,10,10,10,2
458=10,10,10,10,2
459=10,10,10,10,2


[MarginLE]
1=10,10,10,10,2
3=10,10,10,10,2
5=10,10,10,10,2
6=10,10,10,10,2
7=10,10,10,10,2
8=10,10,10,10,2
9=10,10,10,10,2
11=10,10,10,10,2
12=10,10,10,10,2
13=10,10,10,10,2
14=10,10,10,10,2
17=10,10,10,10,2
19=10,10,10,10,2
20=10,10,10,10,2
27=10,10,10,10,2
28=10,10,10,10,2
30=10,10,10,10,2
31=10,10,10,10,2
34=10,10,10,10,2
37=10,10,10,10,2
43=10,10,10,10,2
66=10,10,10,10,2
69=10,10,10,10,2
70=10,10,10,10,2
71=10,10,10,10,2
72=10,10,10,10,2
73=10,10,10,10,2
74=10,10,10,10,2
88=10,10,10,10,2
91=10,10,10,10,2
93=10,10,10,10,2
94=10,10,10,10,2
256=10,10,10,10,2
280=10,10,10,10,2
281=10,10,10,10,2
284=10,10,10,10,2
285=10,10,10,10,2
295=10,10,10,10,2
296=10,10,10,10,2
297=10,10,10,10,2
299=10,10,10,10,2
300=10,10,10,10,2
301=10,10,10,10,2
302=10,10,10,10,2
303=10,10,10,10,2
304=10,10,10,10,2
305=10,10,10,10,2
307=10,10,10,10,2
308=10,10,10,10,2
309=10,10,10,10,2
310=10,10,10,10,2
311=10,10,10,10,2
312=10,10,10,10,2
313=10,10,10,10,2
314=10,10,10,10,2
315=10,10,10,10,2
317=10,10,10,10,2
318=10,10,10,10,2
319=10,10,10,10,2
320=10,10,10,10,2
321=10,10,10,10,2
400=10,10,10,10,2
401=10,10,10,10,2
402=10,10,10,10,2
403=10,10,10,10,2
404=10,10,10,10,2
405=10,10,10,10,2
406=10,10,10,10,2
407=10,10,10,10,2
450=10,10,10,10,2
451=10,10,10,10,2
452=10,10,10,10,2
453=10,10,10,10,2
454=10,10,10,10,2
455=10,10,10,10,2
456=10,10,10,10,2
457=10,10,10,10,2
458=10,10,10,10,2
459=10,10,10,10,2


[MarginA3WP]
1=0,0,0,0,2
3=0,0,0,0,2
5=0,0,0,0,2
6=0,0,0,0,2
7=0,0,0,0,2
8=0,0,0,0,2
9=0,0,0,0,2
11=0,0,0,0,2
12=0,0,0,0,2
13=0,0,0,0,2
14=0,0,0,0,2
17=0,0,0,0,2
19=0,0,0,0,2
20=0,0,0,0,2
27=0,0,0,0,2
28=0,0,0,0,2
30=0,0,0,0,2
31=0,0,0,0,2
34=0,0,0,0,2
37=0,0,0,0,2
43=0,0,0,0,2
66=0,0,0,0,2
69=0,0,0,0,2
70=0,0,0,0,2
71=0,0,0,0,2
72=0,0,0,0,2
73=0,0,0,0,2
74=0,0,0,0,2
88=0,0,0,0,2
91=0,0,0,0,2
93=0,0,0,0,2
94=0,0,0,0,2
256=0,0,0,0,2
280=0,0,0,0,2
281=0,0,0,0,2
284=0,0,0,0,2
285=0,0,0,0,2
295=0,0,0,0,2
296=0,0,0,0,2
297=0,0,0,0,2
299=0,0,0,0,2
300=0,0,0,0,2
301=0,0,0,0,2
302=0,0,0,0,2
303=0,0,0,0,2
304=0,0,0,0,2
305=0,0,0,0,2
307=0,0,0,0,2
308=0,0,0,0,2
309=0,0,0,0,2
310=0,0,0,0,2
311=0,0,0,0,2
312=0,0,0,0,2
313=0,0,0,0,2
314=0,0,0,0,2
315=0,0,0,0,2
317=0,0,0,0,2
318=0,0,0,0,2
319=0,0,0,0,2
320=0,0,0,0,2
321=0,0,0,0,2
400=0,0,0,0,2
401=0,0,0,0,2
402=0,0,0,0,2
403=0,0,0,0,2
404=0,0,0,0,2
405=0,0,0,0,2
406=0,0,0,0,2
407=0,0,0,0,2
450=0,0,0,0,2
451=0,0,0,0,2
452=0,0,0,0,2
453=0,0,0,0,2
454=0,0,0,0,2
455=0,0,0,0,2
456=0,0,0,0,2
457=0,0,0,0,2
458=0,0,0,0,2
459=0,0,0,0,2


[MarginLA3WP]
1=0,0,0,0,2
3=0,0,0,0,2
5=0,0,0,0,2
6=0,0,0,0,2
7=0,0,0,0,2
8=0,0,0,0,2
9=0,0,0,0,2
11=0,0,0,0,2
12=0,0,0,0,2
13=0,0,0,0,2
14=0,0,0,0,2
17=0,0,0,0,2
19=0,0,0,0,2
20=0,0,0,0,2
27=0,0,0,0,2
28=0,0,0,0,2
30=0,0,0,0,2
31=0,0,0,0,2
34=0,0,0,0,2
37=0,0,0,0,2
43=0,0,0,0,2
66=0,0,0,0,2
69=0,0,0,0,2
70=0,0,0,0,2
71=0,0,0,0,2
72=0,0,0,0,2
73=0,0,0,0,2
74=0,0,0,0,2
88=0,0,0,0,2
91=0,0,0,0,2
93=0,0,0,0,2
94=0,0,0,0,2
256=0,0,0,0,2
280=0,0,0,0,2
281=0,0,0,0,2
284=0,0,0,0,2
285=0,0,0,0,2
295=0,0,0,0,2
296=0,0,0,0,2
297=0,0,0,0,2
299=0,0,0,0,2
300=0,0,0,0,2
301=0,0,0,0,2
302=0,0,0,0,2
303=0,0,0,0,2
304=0,0,0,0,2
305=0,0,0,0,2
307=0,0,0,0,2
308=0,0,0,0,2
309=0,0,0,0,2
310=0,0,0,0,2
311=0,0,0,0,2
312=0,0,0,0,2
313=0,0,0,0,2
314=0,0,0,0,2
315=0,0,0,0,2
317=0,0,0,0,2
318=0,0,0,0,2
319=0,0,0,0,2
320=0,0,0,0,2
321=0,0,0,0,2
400=0,0,0,0,2
401=0,0,0,0,2
402=0,0,0,0,2
403=0,0,0,0,2
404=0,0,0,0,2
405=0,0,0,0,2
406=0,0,0,0,2
407=0,0,0,0,2
450=0,0,0,0,2
451=0,0,0,0,2
452=0,0,0,0,2
453=0,0,0,0,2
454=0,0,0,0,2
455=0,0,0,0,2
456=0,0,0,0,2
457=0,0,0,0,2
458=0,0,0,0,2
459=0,0,0,0,2

